60.8824
59.6471
54.7206
52.5882
46.25
54.0147
56.7059
55.4412
55.25
53.6029
46
50.9118
59.0882
52.2647
53.2941
49.7647
51.1324
46.0294
55.6176
49.6765
49.7059
46.7059
48.3235
39.7206
53.8235
50.2794
52.5294
51.2353
48.6176
46.4706
54.6176
49.8235
51.5147
54.7647
49.9853
59.5294
56.1912
48.6176
54.0441
59.0735
62.5882
80.1176
70.0882
54.6912
50.6618
52.1029
79.4118
80.0882
64.6765
64.7353
63.3824
62.3529
65.9265
61.2206
61.5441
58.2059
59.1471
60.7794
61.7794
51.9853
58.3824
58.1471
56.3382
56.2206
59.8235
57.1765
54.6176
58.3088
54.5588
54.7353
57.7794
58.7353
53.6324
56.0882
53.7941
53.9265
50.3676
63.1912
68.7647
61.5735
54.75
50.4853
49.9118
66.6765
78.1618
71.0882
52.4412
43.2794
61.7206
60.2941
84.6324
65.5294
49.7206
49.6324
77.8676
44.2941
69.1912
70.6912
71.7206
59.0588
72.8235
72.8088
65.8824
66.6324
65.7059
63.8971
71.4118
58.3676
68.4559
69.9853
62.7353
61.9559
60.5294
56.6176
67.0588
67.8824
63.1324
71.8235
60.3235
74.3824
56
59.9706
59.3971
61.0735
52.8382
77.8824
57.7206
69.8529
62.8529
45.2353
59.8529
64.2941
63.7794
80.7941
67.0735
53.3824
71.2353
41.6176
67.0147
80.8529
69.4853
63.2353
62.6912
19.4265
65.3676
72.7059
65
61.8971
58.3824
86.9265
84.0294
83.4265
75.4559
68.6618
61.6912
95.3529
89.6765
83.8676
79.9853
78.3088
75.1471
87.8382
63.6765
62.1029
68.0294
61.9118
74.7206
89.2353
58.5441
61.1029
61.1324
49.1471
61.3529
63.6324
53.8088
67.25
62.2941
50.2941
63.9412
36.2941
48.0882
60.3971
67.0441
67.0588
59.1912
21.7353
48.6324
53.9265
75.2206
85.0294
45
15.2206
61.5294
62.7794
56.1912
67.6176
59.3529
110.441
74.6324
68.6324
64.5735
60.8676
58.5
109.794
98.5147
79.9706
77.3971
66.8382
92.2647
83.2647
72.0294
62.6765
64.7059
62.0294
101.676
53
56.1471
63.3676
61.9118
56.7059
64.9559
22.9118
52.6324
60.4118
69.9706
71.4118
43.3529
15.7941
49.3971
50.0441
72.5147
79.2353
24.5588
14.3382
49.8529
55.8824
72.8529
58.3235
15.0735
16.8088
60.3824
56.4559
58.5
53.8088
66.3382
97.4118
64
61.2647
57.4412
53.0588
74.2206
69.0588
92.3382
73.3382
66.3676
76.3676
75.1029
24.5
97.0882
61.3971
65.7647
91.5735
62.6912
18.5147
68.2941
52.7647
75.3676
76.2647
28.2059
16.5735
58.9559
56.8676
79.7353
52.0294
18
20.7353
52.4853
66.0588
64.2206
24.75
17.25
17.6618
62.1618
71.4853
42.8382
21.0735
17.1471
15.8529
61.5147
65.5588
63.2353
61.9118
88.4706
66.6176
62.7353
61.2059
58.5
71.3088
73.2941
22
82.1618
64.3971
75.6176
84.2941
38.0441
15.25
99.1912
77.8529
99.4559
66.25
17.0147
21.0735
71.9118
72.3971
78.6176
28.0441
15.9265
19.5441
57.2059
75.5147
48.1471
19.6765
17.5735
15.4265
61.9412
67.5588
24.5735
18.8824
19.5882
18.2941
75.0588
50.1765
18.9706
17.2794
15.9559
19.7353
68.6618
71.9265
64.9412
81.1324
71.3676
22.5882
72.8676
76.1471
70.6029
77.7941
38.1324
18.1029
98.3824
101.838
75.7059
42.9559
20.0735
19.4559
110.25
132.088
59.25
20.6029
16.3235
21.5294
113.353
102.074
28.2647
16.5588
19.5294
16.9559
95.3529
62.5
16.9118
17.0147
17
28.8824
69.3382
28.0882
17.5147
16.5147
19.6324
42.8971
49.8676
15.8088
17.2059
18.5147
34.2206
37.2353
74.0441
89.9412
97.3676
70.2941
22.7059
15.6176
74.2794
127.441
101.088
29.6912
16.7206
19.5735
104.426
130.75
48.0147
21.6765
20.7794
18.0441
108.353
75.7794
25.75
21.0441
17.1471
17.7059
86.7794
27.0294
22.6471
17.7941
16.6618
20.5441
51.0294
20.1765
17.9265
16.2941
18.1618
22.0294
24.6471
19.0588
22.25
17.9559
20.5588
19.8824
18.8971
18.8235
18.0441
20.8235
20.4706
19.2206
