350.868 298 169.93 169.93 147 965 151 
347.662 301 171.21 171.21 119 976 151 
32.6755 32 13.9138 13.9138 4 69 151 
34.2384 34 16.1805 16.1805 0 72 151 
37.106 38 16.3071 16.3071 0 72 151 
29.7219 30 13.4572 13.4572 4 68 151 
32.9272 32 15.4657 15.4657 0 74 151 
32.7881 32 13.7466 13.7466 1 66 151 
32.1788 32 15.3953 15.3953 5 77 151 
31.4106 31 13.8551 13.8551 3 77 151 
30.4967 30 13.4327 13.4327 0 70 151 
34.649 33 14.9243 14.9243 4 81 151 
353.172 306 175.309 175.309 123 972 151 
31.4305 31 13.8792 13.8792 5 68 151 
32.9272 33 13.4893 13.4893 3 83 151 
30.1258 29 14.5186 14.5186 2 66 151 
33.947 34 15.5717 15.5717 3 74 151 
30.1391 29 14.4439 14.4439 7 87 151 
32.9205 32 14.7257 14.7257 3 69 151 
29.8013 29 12.4167 12.4167 1 68 151 
31.7219 31 13.3697 13.3697 0 66 151 
34.0066 34 15.4947 15.4947 3 75 151 
31.7285 31 16.2439 16.2439 3 79 151 
352.119 306 174.422 174.422 127 1004 151 
31.9073 31 14.0562 14.0562 0 73 151 
29.6093 28 13.4169 13.4169 2 67 151 
32.1987 31 13.5691 13.5691 2 70 151 
34.8411 33 15.6695 15.6695 8 77 151 
34.894 34 13.7914 13.7914 4 68 151 
30.8278 30 14.9518 14.9518 2 63 151 
30.0927 29 13.9463 13.9463 2 75 151 
30.2649 29 13.5251 13.5251 4 67 151 
30.6159 30 14.7616 14.7616 2 71 151 
34.7086 33 16.3383 16.3383 1 75 151 
348.517 298 169.653 169.653 139 992 151 
32.0331 30 14.3534 14.3534 4 80 151 
32.3974 33 14.0845 14.0845 4 67 151 
32.6821 33 13.0697 13.0697 0 72 151 
35.6556 37 15.0577 15.0577 3 86 151 
27.1192 26 15.0111 15.0111 1 61 151 
35.2517 35 14.8078 14.8078 4 74 151 
33.4901 34 13.8583 13.8583 3 73 151 
29.8344 30 14.1875 14.1875 1 80 151 
34.6556 34 14.8621 14.8621 6 80 151 
31.8808 32 13.3681 13.3681 2 64 151 
345.828 288 171.049 171.049 119 1034 151 
28.3179 27 12.9648 12.9648 2 59 151 
35.4106 34 15.2832 15.2832 6 78 151 
32.0927 32 15.3433 15.3433 4 72 151 
34.457 33 16.0336 16.0336 8 78 151 
28.4172 27 13.4716 13.4716 0 60 151 
29.0331 28 13.5235 13.5235 2 86 151 
28.9536 28 14.0847 14.0847 2 62 151 
36.1391 35 13.7215 13.7215 5 81 151 
30.7219 30 13.412 13.412 7 64 151 
35.6887 35 14.6748 14.6748 5 89 151 
347.609 301 168.933 168.933 131 1036 151 
36.1589 36 15.26 15.26 3 77 151 
29.457 28 14.4013 14.4013 2 75 151 
30.4834 29 14.9018 14.9018 1 64 151 
29.9536 29 15.7367 15.7367 3 72 151 
32.8742 31 16.0525 16.0525 0 74 151 
34.0397 34 13.9556 13.9556 4 72 151 
36.5894 35 15.8465 15.8465 3 72 151 
37.1987 37 14.5492 14.5492 3 76 151 
33.6887 33 17.0545 17.0545 7 108 151 
350.894 303 170.381 170.381 118 1046 151 
32.6026 32 14.6784 14.6784 2 74 151 
