1739070.65743682
92.0742014419058
66.177364656432
2028.95226309299
201.260180466006
48.4018667965392
1.6389853213948
19.6164600100007
215.910064158364
104.898718869567
163.922291383098
210.302937912326
62.0791768789001
243.415265625487
166.87533405737
128.58741480503
2825.2672170048
2528.16822971938
74.0968594456661
46890.2140134023
6499.25643462716
56.9986914054225
433.652463834462
2053.24509108368
3095.4493077562
42.5204671570389
670.778670509584
4835.36557358599
79.7851465400269
3167.41140647904
2200.73933236444
25.1662654851095
102.990751735422
30.9246203406422
62.7992947760272
207.388541992745
9024.38272150582
26.9555148045173
12409.1648313462
81.3085320758619
82.9456458306369
1969.36006310802
1169.03537013316
7788.62706939275
70.3560044021507
133.061819054119
71.4103235200614
114.192329534462
984.369560472313
180.694652433082
9.94017167412129
1356.20406290154
21211.7156531479
718.955351482229
1225.55943747714
904.328930251766
81.820161691879
304.519909969148
3876.0145290604
27141.7177514119
65.5278972759065
160.960583661732
3.78058658958041
3386.50637767138
875.090184982039
2968.44933168849
200529.180278628
26.7284662258526
22.6972546721418
182.151114396094
90.1093257240798
125.046336886031
16840.7281685202
7.04157500505167
362.255919002462
531.912541822165
5616.9461444279
179.258895927043
555.750706775672
383.940360611649
540.403408643117
146.608894065264
822.020830289282
5140.29709873915
237.57766694572
468.347532621993
55.8984072423067
306.796050023149
4681.29465255688
1713.28939895182
195.073860206582
1809.90299772728
14199.7292673521
100.577837634911
402.80033817536
330.184971573019
157.901728878485
1870.64994887895
2923.46135464892
221.315373586048
0.27561356919457
722.188283838483
51.4849413802115
831.842363269536
3369.36460749107
221.844849566601
3390.16515163436
642.993921620356
3727.48314819369
47.9994992883898
1795.23149605558
363.633027965622
121.192033154912
3286.23597853614
205.938166926013
1102.2586660809
1103.62498982974
32.0138424867093
221.936863229273
3229.13434110571
1978.06218013437
3660.20851917803
6643.88069252509
1658.54274749468
36.6734286382191
10120.5006717503
164.768247932819
190.945494828285
32.5626350134279
948.058822109598
565.852300116636
392.226732627293
12.2732032561871
3697.46034583523
1117.28663829553
1922.14885803104
1131.9398563789
212351.792581421
6350.1608121076
450.897783264666
480.881373094916
78.1647720593111
1116.83811069446
1580.92068378926
714.508852469509
25081.576321045
772.06233954943
10.3348627446637
1860.85285510675
9.76236675089217
478.645964794394
368.451130412283
3619.95454264195
87.5695903040871
107.091731794368
2119.50000283027
859.82131136559
4319.16402181857
60.6364233748367
592.822468648035
316.31617470189
3619.95454264195
802.208927484676
94.6955978960479
1376.68081027546
435.405419687186
2125.98217087247
2.79323976614653
130.498008986499
26462.2953801449
1567.67344621387
23656.2396069713
677.039644679498
1509.61553158545
66.1258071887605
148.48788048559
569.532029646289
140.420888065219
312.933444282903
605.604874604697
287.511261951313
3877.90106381324
4357.99409469026
2506.39078143634
97.0146290627909
42.7011416375964
41.3859495243427
243.237118950272
956.583432613882
212.277875844525
113.865147781535
930.925765145915
68.460588339562
2707.54078860662
13.9462586698348
212.287075229978
1930.50289011291
291.536832412285
109.98849710075
317.633131047163
296.512045470326
26.2731458192302
35376.1262664061
22220.7398621398
37891.8553575215
227.050025954154
16949.8794269704
280.47062833471
344.207683264394
1602.16678248385
1189.35648825222
1537.39071026752
1841.52318444723
2205.89106987342
46.3783670688826
1091.91910618276
179.701724786143
87.9288011661248
237.090415839434
28693.4995470421
5284.29772194564
1386.83369445549
2019.18565478893
339.914120370439
659.277936545515
205.31901877122
136.604747521861
157.115952708528
6933.5710425852
255.466411937416
1133.12325126057
3145.53392941247
275.735239703981
179.237553788231
1282.526863625
1234.22100851657
2479.01239847429
52.8715948475718
1251.78715183596
986.655782480963
22334.5453855979
30.981621717726
189904.134574052
149.542431823451
1264.41163389493
3122.32928721231
19.7315597647316
4385.04835722955
153.90828031347
1307.43602924016
196.84780961468
3416.6533869768
1751.59364147703
160.682302827738
366.500408009877
133.137769779227
769.017440673974
135.102802404766
3111.67346249067
158.257372540574
693.95353347297
360.749409001174
122.734709555108
3647.4238373481
26133.9166242284
658.195415626637
513.001093472447
1218.79768079018
242.613644150068
113.503145276286
244.314379540251
12.4314891836855
31220.4024447942
144.325738152177
241603.898461972
3055.21708912851
69.9625612531066
375.177249532912
363.633027965622
821.849863275042
1646.77681426764
82.1267690655278
14.8882682049888
3737.48756678904
135.923620540132
240.199556339354
530.098074344733
1023.93457095255
5124.63910891285
819.650112859078
511.196890023303
313.659790991636
54.2006207211431
55.9279884305241
167.902489515476
210.998786366382
219.485840769999
67.764850759783
3383.1225205473
515.24130671895
128.178598711277
819.291334287273
216.669108455304
1549.03193010971
119.650215560861
5275.11545298451
70.4221116035404
115.885648507604
69.2320163579347
1925.31848263103
2329.02052502378
605.604874604697
102.37678868683
378.209924601307
130.660399240568
2204.32814176162
799.876562425627
158.850969920982
450.400771793297
4471.09047605542
581.581402498847
316.768320145292
95.4484094396622
104.235084547892
3643.66081257194
6942.84164832807
77.879620686114
153.029035440165
216.820463968531
5.96633299750183
1102.2586660809
20.0416419548797
10300.4247053056
26938.3536371685
1545.21035066413
358.885481742047
309.691692187381
4797.59030880301
136.092817533976
294.652549511277
1049.89539157261
2053.11300177413
307.596025327406
129.543247921817
6098.82294359088
137.315854335168
3752.39371092744
15755.0181814513
5.78972102563196
334.609244365229
115.955325850176
2437.37976547043
142.895269386352
1451.09223845845
194.239954157772
185.287864626624
333.244638803644
163.972588805347
27.7086071753632
8342.99453084527
3550.00402505029
181.470718428522
19313.6585514671
3848.01148400178
287.80725532145
101.611783869345
189.368565515688
789.989712124017
11432.2769089091
684.649527647763
3758.86304109417
15217.3001319802
851.13708624017
53.2604166862222
193.022162569129
1880.01596356577
118.479138240574
203.797204896065
149.616029432385
1195.12487447502
24.728283340457
215.432908291278
95.1295870262258
215.947909956588
1628.62034909857
1985.57513335635
93.965308674399
272.228782587668
664.443356594323
952.038795026047
740.511049042528
4998.46735894457
594.723550312143
1.31988754413892
31409.3177220653
26.5317149881083
221.74826884378
132.774868511001
139.11820156172
792.653015566762
306.391358298422
1193.26752983618
332.064629924872
131.34982290131
77.1446704818323
2676.48041234077
12.8104023173915
36.6734286382191
171.074788501413
424.712818522851
342.435678886785
20933.5087709287
6087.00295181207
29.5669573934896
139.248958466833
513.142073201091
63.4770230981984
28732.6222763225
1341.08669996968
1218.79768079018
8498.54975882324
51.8436938888568
3799.90635771764
2413.37923379872
22.5730433858232
186.560744868726
3558.73750651419
94.3976109081706
604.273840476883
273.774782697316
261.377582318085
1937.13764125793
1048.97101033974
172.592592259732
243.863201784599
252.808625275486
582.270052946272
121.309887096837
494.210326341013
135.846534798771
4.1888839306967
2005.78663104095
1486.52900456896
4884.46348192489
2472.65416192815
334.214910636407
3324.13552576668
153.455893317213
19.1273981984022
4345.30091011561
137.966951383921
160.475420100895
546.180263034719
451.745573065898
320.943334578007
880.742217846211
33.2833807910697
682.954193977623
312.120653598682
1936.43110722948
450.544985829247
21.9470625028995
147.501653062367
2276.28743625547
261.051797790169
785.144811429484
2971.43167700927
201.073852826565
738.63431730977
176.687064136208
69.4459357365524
1355.13349697759
128.679915437309
70.9348544451304
31.46440802482
979.304546766623
17769.9181767339
1243.16947716712
21.0743530940197
122.734709555108
446.820650287486
190.945494828285
278.339222687999
1106.66800858378
1769.06353117018
1043.28964065471
1348.81055799744
284.700737036136
657.048981842747
3109.01869127636
3082.69491600488
892.567397315288
47.6573262998817
2327.00417918876
602.507717018127
4154.67445515644
241603.898461972
55.1812777574624
436.539314441701
637.526449048152
379.613757469707
636.45761718801
2696.82109008836
79.7949443787575
49.8098517225772
217.470612622119
770.590930399604
379.60682068609
617.465120496323
12.2045578600054
348.970834593108
89.2915937820036
276.041540184873
877.908179898941
49.7332190324561
137.311224858574
48.8368001819273
1657.4632911479
179.137537625243
184.410005478467
202.828241722776
508.05218225013
1955.87083451879
2341.77142380186
1349.73593946983
31.393761870154
1910.9209382852
184.236123222267
237.095776860969
218.522522796312
239.07630838713
1910.48941216099
60.0068932967775
736.762081077233
477.776370570375
1371.562236393
1574.78173762447
231.797153636372
339.206768822619
98.3185577407465
13.5473125954977
589.491725165687
62.8318422314819
443.257393484258
18.4970557619036
28086.4154875299
2063.38291145353
185.487355060653
257.180833509978
624.700896410548
529.75329503463
3471.10446904376
1051.3165182408
118.819157745174
1080.29122112923
1511.1538003659
2630.7683851735
1583.51727034122
184.604393233182
725.172332062465
4810.08561384473
2008.06321277043
262.864797093168
218.14542240085
149.461412471502
184.258009453102
53.2604166862222
668.745051188337
65.1646482008361
271.371538195797
155.25281557256
703.031127247135
19906.7415144806
39.2152851200183
10.9279944447171
151.763483554771
82.6223155060746
220.763383173624
13.9468759131425
128.58741480503
136.939307289643
143.487378411677
2270.13867186798
2437.21661848145
270.411976962368
481.405557995178
430.409407282557
1.97548562620604
437.214799487937
43895.4388032299
312.93181825829
142.136680596518
612.406396574186
1310.86293674341
222.575010621596
2196.33751367221
4471.09047605542
147.719668272781
621.660323062789
77.2130127169985
218.878646398748
40.6341690711857
36.9543472168052
1159.37410310836
163.167451249121
202.197502987909
62.1681989801203
645.034208244487
1161.63064878463
134.471287555135
1208.8846965521
3253.46943755797
14996.743992909
274.428334554026
8.67758020611502
136.604747521861
131.159630323547
1739070.65743682
1041.83558630843
1908.8040779694
55.4788481030219
812.90563838988
771.106557266416
30.9246203406422
2981.613471357
3.95195687483444
0.938466604513211
31.6775671270235
417.342532695724
177.780576520077
1594.69627085422
2680.64853507308
4.9227816461203
267.966113038407
45.8256387987265
167.449435523935
454.374345720889
337.695792035382
131183.716668383
9.09674530307072
173.355640912834
3008.06539793917
196.652365936911
28.8233022717944
30997.3711655307
151.057724053364
73.2128108156047
46.9775245800712
1052.58985887002
486.947598563278
1486.52900456896
210.391910243216
3942.5004486122
1707.57908998386
3990.08773865161
321.578048775799
190.945494828285
353.413328487021
1394.12030605542
149.536839759686
285.756656472433
231.158717621719
110.064115235752
12.4314891836855
201.28186046972
335.08530483339
2011.74691845729
1023.93457095255
166.313053515334
2150.92397374323
11741.6285335797
123.346613909459
972.878570295802
49.8098517225772
76.1485032822169
3267.56754637993
999.484558891409
370.198128740185
180.056288479692
850.386147366789
82.433438856135
3224.323337789
465.955401129324
1.03649081058229
143.742591256602
579.605963441029
1016.17897465811
339.596665520064
3601.82529586391
540.518578167489
67.3395932434959
158.257372540574
1648.35011868953
164.854865881277
217.399426722486
53834.4477375121
316.768320145292
12.5823679608517
744.449341039359
400.415220081888
331.334382384034
106.831087086961
719.943731900498
155.777569865811
178.665244365827
2428.05107279911
306.465329133042
2465.31657178983
21491.6420666682
286.877907032399
167.947554474412
240.120645179627
529.549818380819
979.246561812598
84.4112926747773
203.270721831848
1378.98357904012
241.658218948576
1539.8477584661
263.802045705298
14.9929512884283
745.996212356076
66.186583282132
3626.11557726913
2436.74625263687
232.45953273942
527.226541750757
137.130577191226
22.9817855319699
5.90906838904185
220.872894074218
2925.2113302953
46.8450607644877
1169.09864638257
95.1171664658
80.0090144437661
2199.42813566681
94.7227334912399
85.685453002047
147.612044612744
177.183392356146
32251.5387556324
96.3197426848735
166.604019022041
1150.64705828068
1136.42697122994
33.3377488131318
714.280785318731
2368.76878036471
1721.13203074321
1963.87563548535
2151.78642472777
708.390131119146
6000.68480110246
1800.28743885802
7428.77589465484
2941.16139864201
83.0851002608254
426.061288656073
216.285061092495
472.550168760442
595.984783087401
1857.69074925429
314.584386856584
259.279196645775
91.7945125676336
75.6967946166501
360.912548247152
203.812678822727
208.155152015339
91.1321439197404
75.6561808118176
145.047617396467
10479.8796614243
1034.01083862247
653.669559614313
389.961915037504
0.555815850541016
471.229599810948
1224.69947400401
39.2776700634154
1157.32760255393
62.1289525408724
92.1486207003289
505.563213054795
1848.5923205324
661.028956588745
670.834474636041
670.395314672501
15338.7468125454
30087.5364054454
149.917441597505
120.984991829094
168.515960337953
63.4304604852271
3095.94653071973
341.76030499986
3017.5895733634
31998.2982801494
3288.82742927084
76.7754534444589
20.3247009528305
281.077111003868
111.958582504608
195.508046449758
3152.57794373303
299.872569418113
312.132756008807
25113.7288624104
7613.71389629891
277.381051002883
203.024527434123
154.081290211627
151.432160461488
97.5502150219861
95.5144997851753
1582.85039315521
2784.58849200731
1729.91826039811
181.512618907409
4057.91266873748
2098.5183232634
93.611682382872
9521.48760044103
317.104766445301
1870.57070829001
3594.72578752362
47.5772003912419
145.108076821429
366.500408009877
257.730520318726
274.81821143125
19080.8016313416
2707.54078860662
2890.31145476869
15640.1462728962
265.199259647515
664.443356594323
729.714404786017
20.5303096606311
2779.55448984729
142.481856935099
3313.66695611996
85.1063549772737
909.169496144838
645.034208244487
1663.04131134586
216.348034267817
274.781894003285
3137.35479338304
2.51908372156602
3883.90318231555
144.513966872548
151.982893243136
2823.16986506118
192.874319085068
2126.48960007798
1663.04131134586
5.81379182412081
242.113276521973
21.7631241204128
3728.66642114183
18973.1141561208
175.415731038998
140.720791498853
3553.48010728001
63.1651228242124
246.559784132589
1651.76819214181
2587.25655031383
1539.55641045559
546.180263034719
3.87587253035244
162.698790424588
3068.60190082684
1233.74659614755
178.665244365827
23.2080621746462
4556.6081792551
436.39092538865
56.9986914054225
227.542656636292
470.69597631064
2027.20302912029
17.6764804396574
1025.85482515112
426.809334792064
15.7860795073748
3727.92383351539
367.14736291928
2590.07780616408
8.52919130675775
245.202519402415
4345.30091011561
30.3498978589522
949.944599023602
136.122902243877
436.551134387001
3.58128032283257
197.764277698709
214.323074400006
1537.45348064336
702.313051963259
2411.29202924387
350.757845638316
435.011491156013
1044.34867739758
196.923475316622
555.337544208581
440.3538401762
421.119176424318
57.4246217179248
930.925765145915
232.597843904838
1157.25787923389
286.703370465594
2808.74254184466
1816.12320952402
2269.57539582445
4797.59030880301
76.7255793637461
515.24130671895
129.909289037428
124.134799450303
3133.34963102307
679.528777454962
206.920006756405
88.5058721581176
1945.53459820165
2.71501228563559
1002.9969965844
121.721945287156
1587.31813356428
25966.2531164621
141.758219241809
182.843906137657
2346.58476476629
4327.83040376757
89.2915937820036
371.095330636042
391.424703429751
803.161970609196
18264.2102461658
131.718003240302
25749.1324031749
2151.78642472777
2336.43222904581
1189.35648825222
3621.74185949486
1522.62575027407
16503.1600528813
30.1061052214865
93.0363081197046
123.296101556582
27.7620131350005
1811.42579403805
96.2767730141079
176.887418506669
15755.0181814513
48565.3182669019
256.395568787585
1034.95990911514
1319.36486526922
240.382855327891
203.024527434123
254.293093792407
17.9206385642557
109.295847446215
1133.12325126057
335.684484409625
20400.9318001511
14076.489903619
25.6370320694104
355.686736111394
3696.15593160388
32.2743278965
1635.59542036243
157.901728878485
107.528010935953
4232.79204780041
2604.24577380447
120.874976757256
1690.12356771674
149.501601799958
52.0849240804302
80.6561241246951
53.957835395109
53834.4477375121
162.38639890106
3659.28837765655
944.874747382802
1559.94053923174
217.470612622119
586.524680722462
362.834465048037
1003.24878590531
182.875394304027
76.1843268015064
25457.1823468157
2224.35925917105
3334.99288271037
9668.64480570817
371.051626778766
329.171942582779
5.25357200692702
1204.9601108681
539.635951660562
231.150890964759
4024.40719876387
112.87441399811
1774.6425323393
2610.32544388646
134.503501225491
137.798403010305
185.910224485383
2347.78686061174
231.158717621719
2743.72502101279
1745.16506713885
7.65825963736299
10448.9549052182
647.530090829847
251.684397692144
7703.27874399854
329.041791831244
1067.78826254221
70.3270206683365
16509.7641622767
1908.75676048816
455.738546497645
113.826927096061
3334.72900402957
144.34701872125
398.386829834583
27076.8075776382
105.11485417612
72.7005671479476
2704.93737304632
548.816231684169
20045.0369929948
2349.37801735569
369.759097799177
64.3692011301969
1545.21035066413
1648.35011868953
427.645389422476
639.358044547413
397.673531842476
41797.3783714254
999.484558891409
18263.8467476832
14940.0368362002
1221.57533151174
38.0376596691172
2189.53009246637
19.1307139249413
82.1267690655278
23285.1185728112
1753.84647337257
5381.83056570692
1358.79079155806
2226.23349635825
766.215687139273
515.155367584038
202.706860634845
2725.41039490164
22.3043794780665
1508.14181258991
1290.92897347793
537.782767082168
4.66795680123654
290.623743119393
81.0012452712021
2450.21031917429
3386.50637767138
541.434323265179
333.349607081362
81.3085320758619
90.2093623648984
35.8931405256888
1734.60128509048
92.0742014419058
3.74559320364029
310.577030019031
2178.10481937163
64.0528508473036
2802.22738926205
1216.56769143704
241.399146413147
86.5498483785577
242.45151594906
51.9104980009596
2527.57960832633
3797.48374544777
237.254308304116
1142.85873003427
2053.24509108368
22.6972546721418
1242.40746360513
23285.1185728112
27411.2924474516
17.4869902537036
40.692240106143
239.922115044202
320.326060936327
127.8818240724
4321.5674624069
329.785376153386
823.643507419405
120.888925616384
400.974755133003
2277.1179849868
1107.84731194676
431.955605565517
204.072388271462
31.9094662210713
17.8226357617696
1816.03001710554
313.465190107466
2186.87050670102
142.488325575638
203.118838478111
5710.40033324717
1376.78066038717
1128.58066910485
177.20770711773
3.47469440344656
2288.59558185031
326.598221093325
42735.2643244417
101.975278483657
1342.70423732567
220.763383173624
324.912053104837
17458.4524863713
26.483837314909
35.6869599390065
1427.13096177702
21.0950050382554
700.979246080977
2660.28448248408
251.466840051837
1.60661376103583
1823.18262054719
2506.39078143634
168.579908275028
2675.0405347712
309.383220238704
371.095330636042
1633.11945698141
12.5823679608517
22700.7300889012
448.69816701769
166.062005682775
125.624905617655
2204.32814176162
13010.07934504
189.937065941338
1955.87083451879
4292.14730535817
1567.67344621387
515.258171344154
3619.79283151486
17716.16187867
251.872310703839
24113.965726104
6672.87814033666
4515.55518939811
17.7103297723766
704.275423341122
2371.95790339153
378.165450771379
12.2045578600054
1879.25657627352
5094.20909698309
946.202775203313
24424.3225226215
1369.07086741447
3314.55531248447
34.9839293671937
1432.89520200782
105.661266384087
58.9680158427223
2062.65065557244
48.669290644412
218.708238521794
806.019342174255
109.07599537365
502.042023023668
804.451729995605
1337.84352251751
3977.00399458608
1248.7683486973
93.0142950097883
258.200386137502
2125.98217087247
213.648904668905
86.5385248010364
25457.1823468157
2.01634920299572
20.9368729939259
386.526683061187
555.453521498378
2477.56077964077
1124.09984757551
391.59686408161
1198.58033690536
1003.24878590531
132.774868511001
137.736657032567
184.101839470422
637.526449048152
37033.0091881178
1672.60000849049
321.873963851479
2209.90816862804
1473.75863674484
2798.97218266499
1274.08217130414
2177.78461667442
2937.21279594606
181.974976708468
1101.53299317349
2450.03845401021
1457.57596131945
1409.39772703386
262.583858770886
244.316815421134
3933.74130773618
126.880186643723
4136.17134840289
4468.26455274258
1457.62981235973
6212.76766261163
27099.9469709223
1760.61516282757
1405.57423223696
67.6830820044263
19924.9770471505
134.385918780399
34.066463841753
350.757845638316
129.666266908428
1364.10197573449
53.357587132576
12.9300166184219
846.198992680232
23194.0874628823
283.85360486747
358.486054602658
40.9643063292458
143.983472551238
33.9626200413333
2133.16220623494
36.9863352736626
5381.83056570692
69.4459357365524
22279.1341837889
4292.14730535817
196.84780961468
106.080943549721
309.400807490361
98.5765948289005
203.930108747938
47.328942780126
200529.180278628
64.2153252933074
931.619641418529
1984.17902494895
446.875909281995
5.74022535389492
17172.5453889018
18.9348709725708
2276.28743625547
82.5993940162142
34531.627853864
177.517377971111
122.734709555108
11514.2025602026
358.486054602658
23041.0270785104
253.99515339357
267.975370093928
10120.5006717503
133.061819054119
978.840749642905
1608.68869283885
74.2360909388573
258.419070768095
201.724452647597
86.6346913662422
47.6573262998817
74.8467922677437
1001.15257587221
2785.92030107147
229.417945966716
2049.58828302535
735.835481572162
547.892736326654
541.602842998682
1185.52460279008
463.936295513074
86.4882502516013
117.652800408553
1535.31881192779
18804.4519993598
199.033914948283
481.043392902998
27.912216379375
128.178598711277
26323.4899045824
191.619301868828
1282.74630017974
32.045950461116
338.159252776496
88.060474143144
29578.2999865723
2331.01496190004
175.969536443849
1930.59920791166
1233.74659614755
174.144185294435
17.1195978540005
69.6755099992557
1545.30682193511
269.965598415708
123.94566320838
68.1540791556718
455.602947317232
66.5650542228665
27336.7462410911
3339.8525619248
1489.21109194388
150.860405340081
103.886472358993
4.31970114199424
3415.85454582674
288.012738070958
1910.48941216099
437.046776944413
8325.8334094211
137.098919272231
78.2374589995755
964.510313615298
1352.87258460466
3970.68589966519
316.056194181132
6.43435620058304
210.307987248498
240.023512508136
744.449341039359
27.1552251502709
96.1917229204174
15562.1202185273
370.59861857692
216.836962973135
138.41866260292
32090.5292812704
15013.4901940158
439.454583314557
68.811723886655
180.021674254994
180.563157687255
19924.9770471505
122.857552918539
262.945097384026
1732.32817069095
1088.3297275936
1652.98609679675
2193.1431001842
13691.8815234439
326.162510273035
2708.63974342657
43895.4388032299
49.1778961200835
185.786784017923
1336.0568788248
1239.70580560652
225.303465661974
12.8104023173915
17422.0377809536
28.9011735986126
312.120653598682
251.160122853171
50.3348517901556
41.8741555874312
2226.41604790464
367.653698323002
245.573153523829
3240.86327318963
174.282646995908
335.445284643441
47.2439479966393
154.986744419739
333.493834839522
223.614423108159
3993.73025861443
283.798366861692
3506.99181222613
2116.83783662493
477.776370570375
603.402975766069
896.656776040072
5678.67633890512
141.232436772978
708.367495569213
15.6118824262398
114.242014453148
27336.7462410911
2128.37043412538
96.1181088999912
734.63093346557
218.09546576797
2491.24489294725
1667.64789134029
114314.995222548
486.763164242179
2112.12140498151
213.135989871584
2242.48412983343
213.021534174813
1019.95193934536
107.834343636876
3599.47894665345
1542.23937502876
261.585104781251
139.191599326883
603.069822699411
314.473265348031
366.610734984683
12881.7601813537
1006.60075204937
5.62692174053894
335.08530483339
1625.32893458409
1231.43292125817
237.254308304116
12947.7320591537
37.7030077852768
18424.2881354865
179.701724786143
169.764927970133
87.1524512984937
1492.74739539024
1244.98077716368
1658.54274749468
84.5484468727357
45.2091969566309
55.2610037769984
29104.6892850992
3010.26620559333
221.498381497621
629.578668123502
6825.1383106627
72.8759085240077
29.8762042453865
70.6174687430912
179.792641163459
80.8669759768382
39.2113440527035
15828.7017923379
791.981333266182
289.346553661147
2519.06779108476
1341.08669996968
1853.02406525246
278.21445382848
69.7259893522758
1275.82005119919
104.618136763877
107.91891372598
478.234632553133
81.0012452712021
592.85849540185
193.206475297208
668.745051188337
82.9879027294084
17.1195978540005
1738.68755407196
1989.14770016039
102.356728770968
295.593554569904
237.746647617556
1759.00828928404
97.6815912158246
131.811738275025
476.000008304888
262.275195503963
108.77291515362
48.4736527659447
8.46328945848269
1376.85196205145
332.300676335838
238.546335997229
154.842503349338
3543.02595986613
1971.8152126027
7.56103118963941
1548.29534730549
263.802045705298
1170.60251976639
22941.5787563752
2366.72401916001
5108.33333468089
19125.1363178313
368.082523369592
288.47214964402
1095.8565417169
21856.1575990919
4545.53592533947
39818.1815230056
97.2215044582774
153.222481278519
2706.0764513155
799.876562425627
6.14869412520602
837.762828145443
1843.89339298944
2630.7683851735
767.058568215247
188.815673543503
151.432160461488
1465.46143423282
231.755785786808
64.2504952268155
35647.8357712757
778.384554778705
1068.65164107613
1517.57956493977
838.378778578919
1163.93226525487
60.9964737890145
118.875514708898
202.197502987909
23.7144394945454
323.512669090063
63.8923222268564
3585.10484304351
4626.32681392106
172.554034271357
415.321313436596
30.981621717726
1674.22523881309
523.773796444443
6270.35528166994
605.604874604697
1158.67005057059
239.984009838481
1768.16094830254
166.456588985991
347.68886528992
2310.86882058876
1549.03193010971
16069.9878311786
829.556751958462
2186.87050670102
667.37374200541
805.694764356257
965.042545759307
4.13030678711239
1721.85732117862
404.360321697427
1177.57357282789
264.617247736471
144.906064525419
5264.26237404313
3253.22036006105
88.5031805474063
6104.3882520162
2865.89137929502
366.624771541999
162.87546955246
5856.42164326056
2009.45585812016
327.930786838138
137.315854335168
2985.72875110835
2568.88861405578
24285.5166417647
25206.1141648001
47.9994992883898
28802.0743971237
506.201186746389
538.792073208944
201.28186046972
243.321128764558
614.054005259397
8.92959215513463
87.1436916608206
333.349607081362
89.2915937820036
680.271971374297
52.8827409613743
149.542431823451
6243.42048915714
152.205823176584
269.7176006231
255.388570383109
83.1153395742652
6.46574193645644
31110.2900022571
27390.4811204149
34490.6347144274
29337.4914385286
275.171327123975
21.7092337674306
209.36414768827
339.596665520064
1264.48336583474
214.595752907521
3111.51117688975
9668.64480570817
205.31901877122
1049.89539157261
301.670289179324
2698.46730143076
67.076249040555
265.892101925402
96.139523526871
536.372101302151
1636.29989189053
79.7749906196112
582.393434388499
40492.0608698133
969.637795867089
5.61265834133957
706.386935968426
2987.90474243253
2668.85063400963
21411.3108419726
294.282055359018
661.028956588745
1885.07069797085
124.252536517601
65.2733221259696
7.04157500505167
199.662055691061
1474.36310742428
83.3768060214041
548.064228964653
208.583600385177
96.2554590936802
232.491098654026
312.09560878119
1169.81152540193
31.4942932880628
494.582362042507
123.766165855279
1889.92805889144
64.0531230777237
57.5692699280937
255.001759114042
2818.38145415576
391.997821826996
1850.46907133706
8.03667403078431
25966.2531164621
69.458516813886
131.207163137686
1547.26628991239
2644.50575087532
431.046988992408
47231.7901743046
18.2331289155988
490.59475734958
416.418740616989
331.071336272497
273.458139576422
17.2764133237601
1882.58576073874
20818.4183588572
36.9308214583133
2091.48522647369
1066.92634461125
5516.83660474122
428.226218395782
341.325787085657
135.198000399695
140.487789598503
306.58991194808
171.09781591321
1175.64577071583
959.478591557648
36.7883218213834
221.844849566601
9.68895850448053
141.094013093395
132.804001748138
153.90828031347
389.3219784526
2237.4445374456
253.67191333572
149.917441597505
2363.30915954369
38.8264672119479
621.512896895787
3624.70719452913
60.0681054596922
3564.02336082731
1530.63002575511
5265.82920147303
202.706860634845
197.426978131817
52.5569184408944
1702.8410791007
391.945721430291
118.633077283237
393.374874877441
62.011525964135
901.994951270109
66.0036160755076
4.57955196728978
122.213597597567
58.6505011587682
220.029826109282
51.6962553736527
121.213007682351
248.862806464635
58.8889578093494
18612.2284034549
427.313283786978
29.443866703769
222.844511547805
23846.1056000994
44.0813904588198
3737.48756678904
30409.1753530757
280.47062833471
283.964342983355
723.472524138714
2591.04895631256
1010.0233819362
1747.47822687797
2098.53993117475
276.320924678572
850.120510363024
939.402037405375
37.8421484624561
299.275983729219
5804.86202529283
90.2093623648984
121.740868871474
3022.99690836696
905.236451829683
505.442188675674
69.458516813886
359.685892692055
1628.39298113063
25933.0288005553
12097.8853901693
207.722780790498
218.873070344193
697.450497461325
68.6711632613095
3208.02362405322
1894.18296930288
2125.98217087247
3143.61258735359
200.218165229728
28.9381311701155
47.6755621959628
314.187808008237
292.245579389675
2687.51198436239
3386.50637767138
281.05432891444
503.152826655104
1887.23740845193
6847.87657416145
591.777477600373
2427.68970445185
46.9812548418917
785.144811429484
2183.41811275547
19.5102418924511
373.517597237783
1739.35428711018
58.9632453607844
29.8394810705727
166.456588985991
433.867611216964
4821.11111040545
3.78058658958041
8628.23445811665
485.180166209537
156.326037071824
2334.18529796589
1658.54274749468
238.239726025788
386.137102530327
1539.38131575191
77.4938116587149
415.472659490649
298.92994860259
41.8741555874312
256.118802499688
2558.58669021489
300.473052127163
223.786764264972
397.036750968305
1321.49302531636
295.12267481601
467.21604890747
431.190111412806
22.0997399877816
92.5890822433639
74.3735013329449
88.5058721581176
25206.1141648001
28732.6222763225
365.54931831967
302.610169838209
11469.6058599263
432.304032926666
571.604992805324
31989.3726140755
119.375443937708
108.489029410357
951.045482739065
248.862806464635
67.5104806742397
895.581399773379
1460.47292573898
1264.41163389493
1979.04703730276
131.830067100836
1708.52824921841
81.820161691879
16.2428864240108
4553.10917843505
805.525526762648
2341.77142380186
507.981941652918
3733.09953704655
17333.1482981183
24285.5166417647
3360.68508469164
33.5606882688271
22534.5615124237
267.166089576
173.045459075249
147.315434018584
23547.2637527019
13970.6646909142
3450.27381005087
89.1992483832921
1226.47357620815
69.1794995276475
382.487846243493
62.4252661690137
2625.8046132312
1504.33947788274
2863.73376305384
477.956059799551
2569.59693862557
612.438728482368
248.164887200873
384.086666218555
323.512669090063
3792.77449963751
104.287849003285
107.91891372598
34.7767500651976
649.368189475593
1717.98122449298
563.606052027575
3789.69158450998
353.413328487021
224.533032362631
4232.79204780041
57.9139348641222
60.197852803664
6019.19466778888
1281.15546685347
5.84977766684238
375.179766151508
115973.975972357
131.811738275025
887.097744571902
61.7566568960293
1540.1472042764
289.024868632775
85.5179642028435
2212.2511445484
11552.5157526432
242.600294013923
51.9685031721528
177.473746707896
144.460780226548
1750.26029498416
36854.1419766956
1588.83658653845
2125.54122186947
2444.48297133122
268.51729012806
1845.30575307945
4031.71096638476
3.85929839801714
2327.00417918876
265.714196792944
796.870210772616
15629.6105711243
69.458516813886
8.92959215513463
217.470612622119
3636.30325870826
151.06175135043
8.58649247620563
1201.15559132535
1625.98167034674
436.784310571986
261.907334326658
32938.7507844002
770.042614426616
155.484684377609
2565.68750569948
2682.54824348531
10.7144219928028
2689.19469857908
494.378668052904
19996.9596094436
71.9643483876192
867.512494926901
5036.09617390955
1293.769954643
3224.323337789
1963.87563548535
13907.2038855374
1392.27163103611
823.952745860967
1390.92719899999
104.590447095446
8.60194543384588
34.1876860722001
666.127392986926
205.08640726154
452.991971087699
1102.2586660809
819.727380717777
13.9462586698348
2285.17917750702
704.427855522979
724.463854387492
147.315434018584
35914.8122518807
254.196033395884
102.356728770968
22421.0532013189
8.61421449018769
29.7078057946869
2487.22214762956
1434.86112514671
70.0837359374916
68.3321824338653
4439.78356300386
3471.44160279025
2856.99655837891
342.183942993912
2823.76749589523
449.817141626742
197.426978131817
929.803413202573
106.900198347291
975.657216972698
278.152048821616
11155.5308698997
338.159252776496
78.854682419044
342.313511129543
2392.51880060596
306.465329133042
852.483912119449
265.35884948658
5120.31297285151
175.498454413866
250.870750088507
301.735238428867
308.176980295709
165.7524629871
2576.89977069067
10.1763249642882
1353.9395274146
390.627646493691
142.304560899609
31.2566611420845
127.193870790612
1798.09209162133
1142.85873003427
1259.9635895692
5583.65351783231
29.8735246921801
2399.98239515826
5260.53586117762
35.7184929688538
409.270869092228
6.23496426087226
151.828322772803
88.3337835587992
15.5402724690966
215.905685756354
133.542623002277
243.542475360818
3382.60467285157
1684.72045728119
287.306977100655
40.6989184616463
440.948548124311
2620.29556052576
2587.66135725058
34490.6347144274
1076.09683399555
352.782833630127
219.547601427469
296.127407304892
498.91388825506
1390.92719899999
1172.48648327806
262.583858770886
223.614423108159
2331.01496190004
907.077371150199
277.016693270359
3718.14041752691
1962.72996234212
91.7028929796911
8.99332338047398
436.842384115131
5095.4927030439
126.407493653632
105.353991461611
435.36002816059
636.692697264223
648.63453445734
143.136386105577
65.6361407927531
126.039599292671
86.1617759994521
3799.90635771764
742.75035039057
4250.49890243546
2602.9671776046
269.665810294337
2293.21209915014
1870.64994887895
160.960583661732
4136.17134840289
2515.69969808939
343.890748047139
493.808348134251
907.213735441255
3208.02362405322
1073.13556971955
1526.12117565896
145.863734875145
440.146832053403
40691.4604636725
228.600574109877
17173.5117845884
130.660399240568
508.469354795345
786.79164764958
31395.0987982569
1930.404437517
3099.38895011025
45.6592576639446
137.571970150651
1816.12320952402
86.4147211554859
32938.7507844002
373.323071143125
1972.77063950433
58.2916121260657
3785.79540798948
1861.97694647745
1794.4780967345
3621.74185949486
55.3358585820914
104.868550158673
310.135179114988
16.5740826251538
870.552585491711
262.275195503963
2033.54951872046
204.16527706789
193.634759053979
760.141757652775
184.31677789343
6973.82527677347
15755.0181814513
122.857552918539
221.247707508613
1339.1779971224
203.223839129619
1135.56683113829
594.723550312143
2038.86165449318
1920.67377346209
3100.99641734096
1032.42900256905
12.4219174121965
14.4134551456652
524.744172701334
740.511049042528
175.415731038998
104.972211764084
563.606052027575
3324.57818152121
179.545070016131
2289.29693503653
142971.417067268
25371.9032663412
1230.31933493596
238.937761445072
3354.13084762023
974.690844113751
27.3447983194132
54.2526524307135
304.908485025332
256.904534874503
1169.81152540193
282.191551704372
53332.3263743242
67.5016278477356
1539.01291259208
2808.74254184466
103.755079410573
8.12872620248202
65.1133562612654
607.797156201407
325.507368125883
149.344623932952
16279.1214251032
24.7495183379415
69.0495820687033
1789.64212010234
2430.8337926232
283.270553613562
367.405727523488
1930.59920791166
681.636802605695
189.406315455256
2186.87050670102
212.12164365384
268.180176284759
702.100957373088
1184.44358988397
78.854682419044
193.025699438498
5703.50956145534
25457.1823468157
545.469898133208
335.684484409625
1008.03839834169
25552.5182046676
26447.5787922981
14.7399208147104
13972.519254844
114.906540196479
56.811928596524
882.719676598356
2442.58306063339
187.747451656546
256.34236407626
4119.44664307825
157.526694398797
282.191551704372
220.640363227553
2088.60510759097
1371.50921390518
99.037814386548
43.6073356101252
361.430852329493
11.1583199156983
33.7485179370158
435.883944122943
1551.90954687295
30573.8129918055
670.778670509584
29395.8576252752
761.006497998299
733.734518424742
6331.08553256484
904.328930251766
1008.34060049253
2319.70090176726
202.042303746203
847.882049793095
140.87231259249
1216.56769143704
40.8001237369794
2011.74691845729
1086.48152727384
100.25631696839
594.723550312143
2496.26276063665
30489.0567631549
3527.15198325609
83.0745175290801
4.11791332699555
705.838693424301
133.337320672376
1376.85196205145
901.072030608659
44.7911066996917
81.9108007931102
20738.4045279938
300.473052127163
704.275423341122
238.662219557075
29680.749555305
346.06310600734
36.8782117035062
3240.66089176545
1716.25842133431
297.220908655241
1803.24120027552
75.0043601191542
522.62546131734
157.156109765078
296.049881835144
25.93760989848
2375.68598535281
194.884575555324
45.7037663950664
653.669559614313
371.392675037638
1503.02115873052
2177.22272052527
1053.14032675404
5651.89528329144
61.693381671847
208.583600385177
1539.28640785109
304.67667713478
1878.98351964549
2128.37043412538
248.286984727089
22740.7982661127
120.126764332201
424.712818522851
29337.4914385286
26.0473454423329
91.7508024738096
4629.82283791456
29.6699005368407
5.90906838904185
2611.07210671174
2076.1857214389
229.559805759727
57.5471305695828
32.339522326406
1930.50289011291
1841.78140614951
274.428334554026
59.2179798038518
4435.80827257268
2697.66617625294
1178.20340008113
2461.0685530385
432.625096309627
285.756656472433
306.58991194808
357.711478325461
31090.1499950977
2735.89666280992
245.498944371157
241.399146413147
297.857403340878
1164.14861259291
31.82162249465
134.281110385878
3150.99420548503
188.737110199093
18442.9928501292
360.762765590358
1615.67209703779
976.432213167773
23.6394265881156
15937.0132612794
355.446545011991
2300.35990765136
29.9473316605071
106.296331164179
209.222248848362
48.3553975748991
207.475817934841
259.901520192496
9521.48760044103
2313.52869698401
386.95797532668
298.504909662919
19368.2240451164
1755.33125084339
5430.89230878078
32492.3976498001
70.8579169616421
1321.09088225785
29395.8576252752
3752.39371092744
632.521255311722
542.889049653895
26.2444120132425
12409.1648313462
233.288559270189
424.378656594931
575.393534584161
575.393534584161
53.957835395109
1091.91910618276
1481.94677939552
347.133350918289
122.277443326821
1320.81098377463
79.7949443787575
98.7868725247159
40.0132348268503
3808.80957396967
449.455591789957
1314.08796457692
933.224888880302
95.1295870262258
133.803111789638
188.788450842274
26058.4776851849
1947.71244334211
1605.2265937851
1836.71135151116
31.8896209126405
1207.10315072625
183.43691006781
115.241685299749
196.898766122052
79.8279399313528
17030.1770098592
221.9013038625
659.001230540961
1389.53603542703
191.360695960163
103.425848649128
155.246680959232
40.4323389103035
538.33459924389
693.9562676841
237.746647617556
20.3633200421348
20755.887978199
3655.96630526126
531.82280827037
151.057724053364
70.0837359374916
892.567397315288
1971.8152126027
23.1612038774444
668.379683152403
3415.10676044851
3005.05007161648
2708.63974342657
1423.89268035578
1963.7811911303
29037.8264183635
13521.8173208151
392.703448446587
569.59181713443
180.694652433082
164.19535085507
262.275195503963
315.92322723345
473.548288084745
281.970652259331
1493.73873738401
35.4682620989822
2114.84591991521
98.0868434274759
103.755079410573
681.11857302123
415.089701396438
4553.10917843505
250.974990553009
70.1354031466669
2270.70508490869
15.7860795073748
169.073805133708
12097.8853901693
1248.07563811837
2099.33609295809
49.4651948707996
700.391098123871
69.4419265906813
95.2116080520248
212.12164365384
186.84125614235
737.123887061165
1545.74976357026
52.8827409613743
51.8611542052421
265.199259647515
2629.29523259945
2468.94045497538
23.8717941487965
149.136672307163
1387.05995525396
109974.039277619
60.400032048836
299.319193667527
359.685892692055
19269.0250148885
3575.16656497411
12272.7654681019
21.7092337674306
157.115952708528
245.193813957631
409.371433521601
3386.50637767138
5460.12786123204
248.286984727089
540.250526468079
263.0534831969
43.114518955294
5509.50230151713
289.898646349484
3482.40375283914
545.952080795176
32.339522326406
229.280704588216
1389.34354338374
1537.38172004114
336.347490770789
27607.8363500205
1714.35268910724
78.3297347582824
74.9315521290861
5073.90303463531
83.8979492485692
236.263533078039
99.7034758778552
2053.11662233062
98.80034289401
200.968692533171
809.007705828226
21549.5429482073
13608.7563491737
18532.1080385813
1721.13203074321
3140.86678178303
103.939450676158
74.9588461990062
4077.01204985363
159.357339656268
2019.62916235742
41.6202104240675
166.960324498572
18189.7460176035
1928.9465443119
1989.01947544611
3365.06720615248
370.59861857692
2791.95559415182
3202.7799210125
173.045459075249
15118.2795634756
22526.0612339342
191.360695960163
2965.88767708323
1860.79187724764
150.251872962769
39152.2871170801
46.8138597615695
713.38826268064
136.117434768247
159.962505295486
1502.90392361409
324.124689382453
139.851428176215
17391.7787397435
515.753434603297
708.397427791848
1706.73489421191
617.599520012667
2576.89977069067
136.738412385938
544.177672062565
14.7399208147104
58.1018518751027
179.491211258605
124.115219888529
18637.9123801876
2378.58675206757
6504.19655828057
157.677058934939
3947.64560677761
2490.2134489488
801.920308668695
48.3045979191861
24994.9177283492
341.76030499986
2201.28622091747
5651.58635111754
1805.39867939871
588.279535131457
74.3735013329449
116.235207220164
486.979380491906
3975.89335128988
769.817641549906
697.440779355841
155.902390346813
100.742647851291
2892.5003458423
79.2065539008238
134.914646440568
1710.28361287112
105.798064376145
2224.0828446678
435.44657696228
254.781419430797
346.855354697161
143.983472551238
42.4793344543338
2008.06321277043
1534.02374389707
461.662837758919
1371.50921390518
4810.08561384473
2538.03991820928
2053.43824897891
159.456536390392
1549.03193010971
94.7227334912399
145.38162381886
8.5908945088865
29333.410230889
35.5316612345693
207658.996526534
813.643911583488
934.531236526306
54.7431545917852
79.7749906196112
649.325319632131
825.560694052796
164.19535085507
1029.00189111917
147.808125116842
225.728193264981
15.9961574401674
2723.87456166536
360.749409001174
210.886274262039
129.546783321581
48.664696590177
3986.20400425244
76.2669861657885
65.9403735345812
9049.9814953971
760.141757652775
3087.80931559287
391.59686408161
431.955605565517
9.4408795953278
1241.95212472091
1231.44390176438
71.9643483876192
484.679770269664
592.85849540185
586.532187750956
1942.5678558498
5900.32381565308
1054.08373589234
931.619641418529
39.9815218058635
381.93247897931
542.142603821712
29258.8360775168
47.5772003912419
2914.97010531415
343.329478697114
3229.13434110571
6.94960404647985
163.572534545907
144.717215099003
44.5546061887054
1053.44167237114
284.851017567833
36.6874392000055
1761.0595598281
35.4539008821037
494.449089551828
1806.68491287286
29.7904637552479
79.7851465400269
103.900709478425
1310.87094421789
35.4539008821037
312.409280502877
291.536832412285
114.824664195125
2024.71385577834
15633.5930455388
96.1917229204174
1281.70177739683
245.498944371157
99.3805667727469
2150.92397374323
336.534312395056
154.986744419739
202.234391873876
167.301333273267
168.637197093154
1146.95471249218
54.0376476354204
1270.82501985382
934.758008188691
3439.46277068331
3456.49123631352
44.5428941974916
15338.7468125454
36.022193696605
513.488035749636
235.334708925202
10853.9005605412
201.170945763364
658.861725517061
335.086477306254
619.061830452115
162.450190239201
1718.43229283026
177.20770711773
57.612820794619
540.265185004953
3206.05409133805
3167.41140647904
4322.45198198921
31.9094662210713
568.822840111516
396.998168624371
13688.9289676984
30.9667373873722
3758.86304109417
741.009582089112
35.4682620989822
2510.47005296138
3343.2808402722
116.647134662477
97.2215044582774
2119.50000283027
411.254829963289
111.487446428461
18228.6351998204
90.4257442324516
1644.9058976132
1999.43028548204
21100.54930299
16004.7465161586
305.574061448607
381.34675936549
23.3282305685539
526.373735539972
202.828241722776
1037.74176139504
2620.02338338364
90.8053123000685
399.279257501081
1417.27471936632
39.7824772668499
356.295908207086
18405.5104378132
135.037870304384
1952.51960904366
1450.41544957951
585.892990221944
156.779964309841
79.4464526497496
8.52919130675775
9192.54564806619
1926.66429917539
88.3288506231999
173.758274417448
614.443960088376
3240.86327318963
18400.2173879615
52.2751642225253
924.189525158049
2803.65003601318
622.226005830439
2377.99370099197
1878.98351964549
2121.06176851441
44.8753487122559
1955.87083451879
284.389321570597
81.6282448847821
278.214826130233
441.347975584197
229.48383280929
1397.32280284014
110.894752735465
20788.1650000689
7127.03462496059
116.203075024807
3165.86668817952
1251.49533004142
2825.2672170048
151.748225274995
2601.50685888968
829.015686305062
126.256347621603
1249.06644334691
2281.17447606335
22.9817855319699
34335.4853292761
4.11791332699555
4.9227816461203
68.811723886655
13534.4371058601
432.135045361569
173.758274417448
96.1181088999912
956.583432613882
177.473746707896
126.039599292671
239.922115044202
81.9385072032099
186.560744868726
20788.1650000689
5084.86396271289
290.623743119393
33025.4822607733
106.289847330322
665.482552420746
1347.68829892443
166.634795776793
22.3043794780665
107.927654130917
1370.64260359427
1803.1560427049
3073.00660891038
2252.52443670898
80.074458260863
384.193395686829
216.783415227812
1440.83306267284
127.524352070564
2775.10073206896
135.923620540132
7278.7810991115
43.8873888310964
421.345095166877
302.290805546153
979.304546766623
9.12666489346977
237.254308304116
86.3167000390411
85.5681516676741
3267.56754637993
1739.35428711018
45.7381842163609
925.722663317801
33007.4130404843
1509.61553158545
809.928383581939
1162.69720193619
2720.86172183211
3659.28451514496
115973.975972357
2085.12158636888
20.5005922151688
1826.98121855013
64.2153252933074
1926.38279839678
36.5303053421507
22.8053033645355
352.877898648168
3782.15017012204
361.922883987987
4984.58200922392
68.4599735760837
478.924457225577
1809.90299772728
980.114035934828
444.672457496238
224.656055651565
28.2268219372632
35.6869599390065
296.869125514705
21848.8784757562
1332.17755504164
96.9758193617395
2570.10327494421
221.936863229273
736.618740563122
1484.25654445339
3178.37763123925
360.950476330013
736.762081077233
0.555815850541016
958.385018044206
82.2781911503141
3246.43533542441
574.80357079689
48.4858158795771
73.3266787202153
2795.38664616902
2021.16255702555
111.941591184285
586.658865777349
112.652227174563
239.296766227257
1195.12487447502
2.01634920299572
161.026689573374
155.777569865811
8717.7300846086
180.202904619109
12.9244423349279
2946.61666522233
25.1662654851095
494.890573585691
14.2813270979611
47.9788565132447
2798.97218266499
10.1823303863664
5856.26008738366
30409.1753530757
2606.07880717546
98.0675765861784
2041.88879153877
2369.20266890366
128.423332346632
46.7359494556337
391.945721430291
30573.8129918055
3252.23937368514
146.079437079194
14.2300778266063
3032.62023419116
733.58718696897
998.40352491282
5439.31017285488
3492.42623954071
3933.74130773618
501.186209869061
1337.84352251751
122.479918318484
391.799375867385
29.07141552135
778.153307830367
66.3124948079569
149.331577008356
630.590438829616
79.2065539008238
69.2320163579347
117.960010649961
350.420655689768
664.024333755825
202.299591988857
123.370740919109
858.389074493191
17569.5407309733
207.296740416426
181.388276239641
1019.01257707639
105.11485417612
92.445184878102
583.4350794359
235.667500862191
120.888925616384
1264.92820036169
1749.97032168304
97.8518433394829
409.604349553505
791.634529973189
17563.420055056
239.984009838481
789.98693276467
108.024264421573
74.5579327113264
1062.30346165893
10374.239291766
2337.11781261976
23565.7072377881
255.1100560148
407.31832387355
56.8370357558084
349.376783640908
241603.898461972
354.155788194542
678.755240584162
1231.44390176438
3102.19913167387
3145.67572005738
103.839095010074
392.242900694788
1054.84628519688
17.4440126896466
732.417965738393
148.456003599408
39.2113440527035
177.392353403299
190.695736607567
213.048807013942
598.255337405388
107.025373786434
894.03756018051
2150.92397374323
95.9585808697531
5098.77473978677
3413.66910124877
57790.3128636575
144.608609993035
2.04825100309185
29.8762042453865
3150.88015503995
21.5163196243945
99.3962339291166
53.0709739870216
26086.4185298831
2385.14447441352
203.223839129619
4681.29465255688
51.0093451264808
218.878646398748
48.9673251215896
55.8919168206808
1944.43568037906
49.7528903807935
20818.4183588572
456.274641386014
139.210920033878
2.92103207208659
2359.31777275024
156.552537502358
3896.89981067763
254.293093792407
1173.80936829767
265.11303491239
2091.48522647369
144.460780226548
4321.5674624069
267.167903446735
30.1985007880294
131.811738275025
801.920308668695
185.786784017923
848.832128685574
1645.83267158653
939.648090140663
43410.8094703506
95.3321155388604
326.392415116993
4216.74241297744
1461.3111091948
719.943731900498
2069.74766566378
322.860395606967
92.9982063867319
81.1575294875437
193.430999108732
53.9703521114191
143.876384254283
95.1171664658
25933.0288005553
729.700354294807
27.0374515901968
2313.52869698401
83.3657499472702
591.72711816491
2825.2672170048
79.628582886406
2556.50459956507
60.7499594195424
2804.35197016518
5293.16945033323
74.2859299418594
42.3730505755701
115.139747182995
1785.78231314537
2071.47020836841
1085.69785778016
172.484124850162
394.835585093898
1951.30643186904
107261.02816334
87.6734856315777
245.573153523829
3543.17618012421
993.142936422661
85.2113835059258
47.6323907313672
3771.72598485905
2200.73933236444
1045.97276845364
1122.32902134074
2596.00952997013
107.779717002079
71.6224055803164
164.347248008297
329.275879060807
189.937065941338
1549.03193010971
2027.20302912029
88.5058721581176
767.84896468465
112.87441399811
50.8858965276843
227.542656636292
6.04696638655651
287.306977100655
2210.42065757609
225.927205339734
318.709454720488
21.5778701707337
1159.37410310836
194.842035596178
77.3595680668828
404.686110398365
9.88410875724343
5714.52084517675
164.623546529346
5868.21774319997
264.948847449996
21234.2926244626
115.885648507604
170.682011979225
890.654451126976
318.709454720488
2572.51710793004
1626.52329876494
48.8201785604675
6.717176385951
23.9184021517399
2473.25971658633
61.3032398423894
268.242746225698
2404.2330719034
486.136922156239
868.368652251066
27.0374515901968
1743.48597066915
840.310941647354
47.9788565132447
1964.01049307728
21959.9290652876
614.362876692752
1770.70652249252
202.706860634845
1488.67901502231
131.013453039293
3514.08557398687
6019.19466778888
3328.4515978757
1406.57604085482
1242.87669571927
1845.48800812766
1930.404437517
1944.11900831956
471.946235110594
110.613832338962
1339.1779971224
1860.85285510675
1689.86634654552
10777.3767544152
571.604992805324
22.9474337797801
142.488325575638
9.76236675089217
10.0321836123059
50.9737046281873
13.3582616672904
2140.45500358734
424.378656594931
235.133395088388
169.046016783297
23.6793374616757
959.25785626841
3087.80931559287
1577.09145211576
417.915894205678
208.478118565435
823.498824802231
85.7365787285241
62.7607670060066
13.7266347985498
110.613832338962
40365.5430990248
3188.24673469509
383.940360611649
327.14005247189
1064.55319691424
598.622256519405
1048.70722414746
183.716424135731
583.4350794359
198.117783404645
31998.2982801494
1989.14770016039
17.9206385642557
2763.52354398215
53.2054284759036
199.662055691061
1342.70423732567
107.078052427729
241.87787215014
1168.03167880662
533.190424023063
97.2183352532754
111.487446428461
152.263178803299
375.177249532912
41.8382738443102
2922.57999998723
18.9727034744418
25862.2194050419
1319.30897981029
70.6174687430912
3351.34271258699
479.734455258644
716.38062759163
2231.04506905176
1402.81030534908
749.756985168311
281.970652259331
3393.4585860328
4371.09911630729
24.3833022615223
1405.92719696699
963.853910165593
484.132917996471
2731.11286165488
5.81172627825724
484.132917996471
1786.69069708881
112.486342001715
158.114407190036
257.730520318726
50.9331144163543
702.109639583766
7916.81799348895
136.823811339061
203.329838353319
89.2915937820036
191.610873045593
140.569495166196
3325.77897665522
1151.87636949855
830.350144422114
39.2920679311383
1483.07077771718
69.1794995276475
420.367409570898
389.010004306817
1573.86354514867
221.274493017442
4101.34747503457
0.27561356919457
1338.91332719613
165.569852807479
19794.0509577811
251.032533787221
46.9812548418917
93.6018110947011
3.42069454374837
1423.57934699129
1139.73557762104
1177.57357282789
1255.85841997585
239.07630838713
154.208062873465
529.549818380819
193.022162569129
100.577837634911
209.36414768827
1721.13203074321
595.306703570221
61.6243070570266
513.001093472447
1790.27959124443
3459.48950774919
29369.9914076449
419.749825833738
67.5980235461672
3.58128032283257
2308.80335937117
334.648668115121
6703.68380690425
2355.32279029131
2528.16822971938
105.661266384087
422.643804112813
401.771938542817
6703.20880527315
986.655782480963
46.0139553602488
271.371538195797
26.6259862013883
1751.59364147703
234.515590542374
940.019334077321
107.551648326397
432.055172395955
2099.33609295809
2654.53831455342
95.1171664658
2946.61666522233
3737.40470700021
157.803653977286
2201.28622091747
210.886274262039
1832.04760284132
339.206768822619
476.000008304888
2450.12332367178
136.092817533976
2698.28774285507
493.900750918212
415.005445585512
575.393534584161
425.28617650992
484.460454450739
122.606005890498
4741.16652610112
50.8237072816879
185.786784017923
221.404817594085
166.241759490076
2076.96137070115
1007.09134683048
183.786954471367
2989.10807464633
6781.13279831216
182.151114396094
48.0790638830642
1101.53299317349
123.802865461467
28.3883937961087
3070.70241701323
969.474302878863
961.672374826964
296.127407304892
218.580980936089
779.413032328209
1506.93896954068
39.1652306960308
204.322295696553
2902.4487654801
1371.50921390518
428.226218395782
63.197478247201
2126.48960007798
1067.75442530525
110.222698093309
231.797153636372
476.321015377495
291.233219100706
85.1363453095588
16.7550171941958
610.016402092051
384.593744028316
1743.48597066915
46.7843736448641
49.0564606318977
171.354534087249
94.524424085123
27411.2924474516
71.1622495568444
353.457840805088
870.552585491711
62.3230372483303
515.258171344154
32267.4408403062
271.209743526265
342.161513875794
145.124607468949
2712.77822266814
351.748715853927
24161.0186430669
2865.80666524131
38.0109818083646
3340.54350814922
13970.6646909142
1739070.65743682
85.2113835059258
140394.784449047
1853.02406525246
1412.39277752526
193.022162569129
277.493203907887
873.835238620508
248.158824337596
5108.33333468089
436.539314441701
58.9146621131241
282.852732857497
3088.73918228731
29.010162898671
205.08640726154
505.267701024403
138.922514679256
119.807633588752
2250.11619931839
362.800434898507
457.331161332047
684.930978637052
11.1625564009316
486.947598563278
162.781475104194
546.885708886497
3259.15467821797
89.2915937820036
577.596146507245
20933.5087709287
151.167295566501
703.249429643774
765.296204046398
36.7237896408646
25933.0288005553
4574.76497416752
908.305734594231
1633.11945698141
112.292113310841
1556.26662149874
35191.6956427464
321.118055044325
71.1622495568444
274.175077467364
61.2718723434211
537.237143989156
1690.91186158216
38.6631110295251
174.042943559851
46.0757258798723
2018.68162252822
417.795094099789
208.868504223907
57.627204978737
2883.40873804792
791.640157218301
112.677291740836
1283.12969561919
84.5484468727357
1184.64282984252
70.4902658127148
1993.36371339373
565.852300116636
18264.2102461658
45.7381842163609
25371.9032663412
632.521255311722
3021.2107115221
70.7073180531998
2115.20151865291
742.75035039057
457.331161332047
875.090184982039
1665.91243261079
2219.25243871335
325.046863870717
819.727380717777
3916.40820284731
419.856007819059
118.44256669797
43.3075719109216
231.261715998926
81.5296396804337
16829.2394138006
1910.48941216099
5036.09617390955
86.088871767748
3471.44160279025
1553.03796534036
1628.62034909857
16.4460491833222
2479.01239847429
169.80892795023
3249.45328168767
85.3726514426843
3125.00387675093
2.31894509459525
1279.00044879831
32.6808697612844
3334.99288271037
1656.77424148423
36.7237896408646
163.041141419519
393.554595778315
22258.0346260518
20519.427660139
2760.83039661218
224.485723605054
1537.38172004114
77.5495924512352
156.846843666682
4233.69014497179
184.980828999851
41.4113531223087
21347.0084897001
4038.88341669782
3696.15593160388
22112.5493612364
2005.78663104095
449.455591789957
25.9194973404228
18442.9928501292
554.402333746627
387.963410456442
241.696563209628
41.9406060295533
2500.6948192797
101.611783869345
3109.01869127636
12073.8646478459
1648.72306299038
103.332342863466
219.828633345334
124.136487766616
1196.70259301182
30.1061052214865
3382.60467285157
35321.2740408297
6573.86395436257
203.223839129619
1135.81030240736
2568.88861405578
215.905685756354
26396.3025870618
5095.4927030439
295.749724230791
640.329373795576
32449.877682879
1440.12150827193
195.214267949516
4766.10278059409
33.5606882688271
41.6175105542946
431.021276382014
106.755196256008
7322.543917287
2804.79834429182
713.736394183788
97.5596666261567
647.704221150829
2069.92308962501
20.7380501319142
116.203075024807
866.780199397649
1840.49251182326
58.6025723696004
6262.9096166159
170.306930528416
198.117783404645
272.82119965836
61.9358148253952
2017.98487302231
46.5197093624606
309.316858947357
60.1383650294856
2963.42555151251
43895.4388032299
135.439046794626
654.112691502814
1739070.65743682
326.392415116993
3037.62503456531
964.449124774232
5068.68518591714
295.593554569904
67.668878877602
1372.64377231298
210.307987248498
544.154079732577
406.003246167423
3624.70719452913
741.694975927526
2536.61269222714
882.879993972715
8.92959215513463
858.201781872396
1862.97168839934
62.3208245966087
2491.24489294725
25815.9532718773
239.946488822545
85.1735171569038
449.965686723626
2694.77091468846
599.417394948639
101.3864282315
2087.10488449979
221.327868382797
37.7030077852768
16911.7458294683
413.017133895309
101.606423972129
40.2497863214503
116.300487155223
1721.13203074321
6000.68480110246
37.6478180870945
246.620407056278
1273.53013282661
137.841187998293
517.982760540983
4981.35635988258
3866.18475728532
24578.2099878996
42996.5552572697
786.79164764958
209.966218601723
26.7284662258526
1620.63177325539
221.327868382797
169.587726902769
1473.75863674484
16933.9786656395
133.875535514149
218.415647992318
227.012379650095
1050.43332917795
34388.8878484984
183.438822554679
1411.47077936575
106.521150981452
723.086151998116
347.24375902991
29.5669573934896
39.2898980309268
565.852300116636
2408.76572937687
305.574061448607
2116.92827793925
274.410883642891
870.666592388578
184.31677789343
50.9361268805497
145543.540947744
710.862500491496
37.7450354110549
1517.57956493977
181.724970503926
84.0365224582112
25337.4655172488
819.650112859078
1127.54873847507
630.200079842912
183.554396724041
431.491404659525
29558.5692310884
108.731644216432
106.096739163357
156.718340600966
22534.5615124237
690.627000823119
384.555699174482
2107.30293431434
1040.3332415827
283.798366861692
306.465840334074
1603.03566221765
2728.54968447011
874.763200262158
507.012041370964
1679.64313069525
231.461186139479
297.946658809624
3422.10524041104
466.379776791567
260.240271175961
168.614800409987
951.045482739065
92.8752916127517
200.218165229728
3947.64560677761
852.367861128066
165.481892877498
1547.68011271389
623.47366528615
1065.07823496056
76.1968896999591
1681.16613935846
40.2497863214503
1542.23937502876
30644.4093331917
162.985258609123
22.9474337797801
1150.64705828068
221.404817594085
1562.00637020582
413.017133895309
1356.20406290154
390.50188981116
5856.26008738366
261.642846468364
270.922771313592
202.197502987909
1.95108222055392
2982.98589867615
3733.09953704655
2834.6946133024
454.593409570481
672.05399753636
3192.61965968297
95.4637413699704
486.748193305795
5068.68518591714
908.305734594231
29680.749555305
3037.62503456531
1174.93852678394
975.037128485051
3947.94605612324
207.254989422954
10999.146631256
2536.61269222714
195.953824529228
520.025399424935
24.2264669861924
137.331511918658
203.270721831848
3095.4493077562
1046.82119291115
131.346742792789
1033.12434854801
465.64791217738
2468.02981961851
201.28186046972
258.419070768095
46.3406890846536
218.897686748185
60.7936499078613
346.06310600734
402.942967672518
66.0367489273505
1635.1877730702
609.718441226047
2637.90484120221
2379.86443389046
1184.44358988397
3742.06613474382
22.8053033645355
16.6096563531836
1811.42579403805
171.16409083645
46.6076663956807
65.0554721108208
21705.3500830915
29.5463681234547
77.1926973984558
3240.66089176545
437.214799487937
706.386935968426
725.172332062465
176.687064136208
1932.90709443312
1595.81993585874
703.249429643774
1080.29122112923
6450.87859204657
236.567638334371
3591.34139632422
171.074788501413
84.5891237988102
436.39092538865
170.025804884557
22965.6126416293
2187.40322256574
118.141117827843
169.764927970133
488.909105602378
133.217796009335
85.9886756974283
27.5639721770724
18.7008686929191
326.119907931348
1794.4780967345
21002.607645061
2388.72971997101
4270.38350436791
1381.14986299229
3195.50943351487
738.594955256066
47.3715175890815
277.519753114859
1597.53641848453
613.816164887439
209.168089323404
406.003246167423
261.328737040764
1723.62529064643
277.381051002883
2572.1858515175
27.3354687563082
2395.17013864889
3624.70719452913
22.0536242340048
556.786806796757
6825.1383106627
36.6480868138599
366.500408009877
1918.89068499204
58.2196539715371
6868.97120488587
2731.24496273078
2060.83371142692
103.697837852228
505.944170298939
67.7997430655898
18400.2173879615
52.6579889904129
3058.10634469196
725.613725507332
275.374127890842
198.257837206481
140.157549092657
505.262128470027
11.2650785891886
187.365411188752
36357.7423409536
484.312631286335
126.714618488606
48.5392081917611
176.2641962865
349.604322435432
1924.10865109524
779.0654255968
556.50468184354
1164.14861259291
32.7966290225422
196.898766122052
20.4533016103435
208.655244480845
157.885284069975
109.700526159348
3.9725270339109
231.513615782367
2.33330168419697
1111.79018390835
870.004176534978
202.34859559545
4291.38574924848
290.115924777603
213.261044425415
12.5296906943093
3817.75302697079
124.158471682609
941.172279269207
17085.2407560509
1148.47648332948
4.58583841993887
255.482015402389
4822.96262613188
2977.07728183211
24.9120889578458
92.7201440195215
1701.0478687581
887.889807230405
83.7228046351473
64.027437321386
49.7643845822014
4523.6981284687
1722.03481535908
964.612245591487
1144.4961138295
1573.64981135318
78.854682419044
78.1416004019177
25910.1878856768
2272.34530900842
1619.6412184755
314.101376890835
29.5669573934896
45.8256387987265
2288.44092294443
156.326037071824
240.070593201356
515.258171344154
30.6814074470741
146.248633599246
3893.04123059282
1716.25842133431
59.3835719312203
5391.57793941496
105.236943695481
2309.57201077721
613.816164887439
199.033914948283
647.720793316363
847.882049793095
818.824375180796
157.803653977286
149.281151915599
816.654706600403
2530.24421382571
54.6091913837643
813.673810435613
193908.136354225
2366.76840574924
77.7991206534791
805.525526762648
25862.2194050419
722.596457896514
15.9320989379868
232.281055030202
2200.48092113265
2591.04895631256
378.165450771379
4057.91266873748
965.114491957109
33007.4130404843
16977.9587146851
1485.83374730639
796.977120354251
3345.20423553698
66.9589930224677
5094.20909698309
1545.87523142469
218.668257640458
45.8520792548348
80.074458260863
62.6554818814154
3585.10484304351
261.126882757068
1264.41163389493
3916.66481244775
173.883727741746
224.854943585046
5898.80720723521
1091.91910618276
29.6699005368407
590.189692927562
520.746871627521
16.8433992716421
1018.61049521064
136.835319045911
439.454583314557
164.490862192773
212.041014977561
2.74839808380496
1236.58878848278
1230.31933493596
1392.27163103611
569.59181713443
126.572264845649
80.6499484296374
127.240638040854
391.093378432381
1387.49121988441
183.916874944774
1479.4440077979
2865.80666524131
632.521255311722
779.413032328209
1973.53108188006
2232.61942762919
2545.9018629323
113.461540128418
100.613011233288
69.3285373326466
133.087916723938
1551.90954687295
155.988195330871
984.076669176555
1644.161049407
88.9395278165326
195.06857536118
2008.55483494005
3140.86678178303
2189.85128436112
122.311716833661
243.237118950272
995.888620438919
1123.06200506627
251.690422010791
28.9381311701155
1989.14770016039
5.64280665330977
20.8939835877144
1398.63165058536
104.47530011371
304.317059005495
45.8828747037814
24.3008013961905
3167.41140647904
199.206843711252
1691.29813313629
3040.10354324263
426.809334792064
61.0805371997367
1582.85039315521
4.50583193898955
432.055172395955
3586.51670823427
13.9615265582674
228.871695037771
627.014957651615
2037.62329973967
3792.77449963751
281.600193991093
42.3843406689307
3381.57370477542
99.7954241032748
51.9104980009596
128.455616015084
91.0383384889366
198.337467693356
1214.59647689612
2911.52675723824
83.1843780086069
475.621034244986
917.558363805601
1894.71466600806
62.7607670060066
1169.09864638257
184.980828999851
664.400424805706
481.551462346587
260.812126318939
3495.69116923439
1951.85617422336
1823.18262054719
124.940539889858
90.4257442324516
2960.81559896114
32.2710832201754
246.79281567347
1523.84881349109
569.59181713443
14.9990715214486
17847.0123223438
43.6995245753172
1985.46267632977
1244.98077716368
22.3399470301175
50.1690061053998
63.4770230981984
645.39410820612
183.176780643709
63.4770230981984
979.727523562437
76.7255793637461
510.382650167446
1039.91616157315
164.844583118341
393.514038117541
378.470444952201
2878.73299061558
496.244916344016
221.18562368846
304.908485025332
3814.10864248212
1000.79811909933
1046.82119291115
6782.95210002524
867.679848204095
3821.58338574606
75.166111213818
437.046776944413
89.1575730165129
6.3605401664146
5188.86313621166
2743.38384745576
722.596457896514
1770.18028968317
27037.1888733729
3125.00387675093
1644.08011382784
1305.68871627309
100.553821338595
386.466742576354
33950.6971351086
400.019620973254
182.404816749523
5405.11808351437
122.857552918539
413.436100395603
114.426809032663
26.7284662258526
288.012738070958
540.250526468079
1742.6343971643
2556.50459956507
2946.12254475066
1630.90798357027
2036.87605910071
30.2771930558404
30.1061052214865
72.6387177748399
59.5211648335174
11.9093224305272
27.7086071753632
7.051314762967
1690.91186158216
274.428334554026
2731.11286165488
735.71285828624
425.18376585863
117.648092092802
151.331913992099
1747.69456107968
82.6253242314043
13.7266347985498
339.163640401035
3305.56557806264
4047.02391675334
105.249838000864
9.68895850448053
49.8686057635589
191.608268333834
1706.50193989128
515.928134580012
5713.37748826474
233.30538732885
32.2776780554544
92.8014683713507
1843.89339298944
943.036210410957
172.441897680545
677.039644679498
387.301035910651
59.5211648335174
1679.64313069525
4164.23791921793
99.8284675073315
4059.92353731362
813.863692593438
1272.0417629015
556.786806796757
1.97548562620604
120.319088806066
4194.38723112297
109.79551981631
1397.69180771859
1282.526863625
2136.36975738684
1574.78173762447
1734.79162406419
24447.5377676601
913.948474106647
2270.70508490869
748.733080000855
103.441716417151
802.208927484676
1484.91563030646
1146.14275640264
3096.77352411411
118.875514708898
190.592116266043
1184.57283515873
1472.28947396829
162.556412847437
3.61479362736578
742.901430281992
52.8910630877234
1692.18678194083
36.7237896408646
884.623438301394
42.141307039491
27680.1807183492
248.083119203607
192.254561103813
719.724348476181
31326.1540404491
2498.75764622072
111.487446428461
321.705668108582
16.7287104242651
494.800799081862
52.6067972217937
197.764277698709
2886.02607575963
1539.01291259208
34645.2164598
252.236307781759
2566.79117869302
6354.81769420444
2257.46823985154
120.646207345657
203.58189455327
113.415765256466
886.050193856182
1957.00022094409
26396.3025870618
2691.80376608636
609.280272296045
390.627646493691
128.455616015084
1176.69361329503
285.31980550203
772.287420398714
136.52409450302
3133.78352323013
2735.19304108563
2897.34224428382
864.182585180084
3601.35224533012
45.7146165694318
296.949163405274
16.5740826251538
108.024264421573
12770.0129967945
131.918226389855
1017.99227466976
961.672374826964
1393.07256805045
801.920308668695
179.866019000991
72.4061260455964
859.200439125533
7064.00436701639
26.5317149881083
29.3326337511793
22134.8979958858
11.901478560676
2210.42065757609
144.325738152177
1708.52824921841
27.6046664636906
25046.8428998101
60.197852803664
80.2606623383387
3253.22036006105
14.7681036958009
2494.66893832324
678.107301904517
673.896224675722
458.073973746001
64.027437321386
30888.3130312715
237.841086155136
790.304627856676
459.877722829908
1023.1672247201
417.915894205678
1556.26662149874
650.884152541603
52.7993319544453
428.892414159116
149.331577008356
37.2673586569078
2462.14969446256
682.980448003821
553.53527695597
145.645030119292
1026.16890172259
137.77543948358
194.842035596178
247.817744275526
141.758219241809
17.6764804396574
583.066984055288
1721.85732117862
63.4770230981984
31.9490177763895
71.1444890228706
778.153307830367
38.7595171119809
993.725074815077
742.557624669444
1264.48336583474
182.277471342112
1509.61553158545
284.407942639461
162.719397303092
63.3400865599328
651.348738146307
92.6397675788354
41797.3783714254
2834.6946133024
909.169496144838
961.150797200615
3382.60467285157
414.633605841312
29104.6892850992
202484.355134502
51.7193112276685
9192.54564806619
1409.70887890253
25.9617915349278
3047.36616205933
29431.3966016518
1855.78730837218
21.8388973656985
226.067048657505
465.64791217738
703.932265231856
20.1215290292944
1486.66942770664
159.667401845771
309.316858947357
5381.83056570692
51.4849413802115
16000.075061043
38.6631110295251
89.8624590660175
617.950191473864
95.9144235110423
20045.0369929948
298.92994860259
2116.62963317994
2302.90069100233
281.136525180477
203.339170842424
934.758008188691
57.5916225918797
84.5484468727357
66.0036160755076
923.939914765432
19110.2660447306
924.189525158049
1049.89539157261
1282.74630017974
167.209529294064
181.217201800184
397.036750968305
1532.11973332348
167.074335167204
2353.08123607464
247.201200404325
3647.4238373481
220.103694579532
42.7011416375964
1900.90083672496
175.650932939142
21.4096915728171
20818.4183588572
46.2301078383039
88.5844716157374
343.890748047139
17338.8506026029
790.202962595184
57.1796819451735
4645.28531286727
83.5448708027567
2023.03570645236
80.827802255845
44.5428941974916
461.246103757954
118.280219719725
2288.44092294443
1506.93896954068
98.8048230226041
905.236451829683
6.03040522203384
101.321851332716
770.065551344996
3381.57370477542
57.1674994702902
4119.44664307825
21411.3108419726
4981.35635988258
3068.60190082684
44391.8235821293
6354.81769420444
1689.86634654552
71.9688166949586
144.503636469377
66.0367489273505
1930.39767437027
1191.34987054282
1184.26871086517
62.4252661690137
156.227137457421
166.062005682775
208.310186098863
125.996182590451
459.213761042516
3369.36460749107
743.55505097402
177.295293171902
182.82273616568
19841.4620846399
3279.76145535695
1569.7045726608
18.1649183072285
229.280704588216
92.7030075531511
35.5727564408221
35.4682620989822
97.1098294623575
8.60194543384588
93.3534663574801
66.1144016117782
3099.63844148531
3488.8318343587
4205.70478050474
1551.90954687295
2271.06878897326
2199.42813566681
19591.0812246933
455.709900015287
4323.17659635804
2736.8995402607
22279.1341837889
1530.95939781696
113.340723231249
3587.77770370613
152.592050107296
264.094730864715
171.63832513591
2.83552890123165
347.531396350628
455.602947317232
82.4720830051439
187.440280548852
632.521255311722
1669.78916523622
235.642195627936
5819.00974466063
1310.86293674341
2324.94081720026
78.3167291487142
32449.877682879
212.277875844525
1.07302500076896
81.1575294875437
1337.78100903216
15120.7877991525
4141.33550979406
17.8442439521593
435.593124586876
156.164820873354
793.678969100046
27478.0964592525
1729.91826039811
2928.59792348593
53.1453223199076
189.512975187779
595.984783087401
297.857403340878
473.908571971296
25046.8428998101
35973.7010503977
273.774782697316
448.138198620421
1034.70718445249
16670.8252639587
1936.34562605808
147.736659410929
46.0271966516515
31.0431752598619
736.660547699855
494.582362042507
164.469872634417
3.95195687483444
452.991971087699
277.381051002883
129.919123898089
4767.10755943473
4645.28531286727
13779.8093009515
717.481683913545
148.841260095673
1388.69832375685
1480.36573286711
185.07313948048
104.898718869567
143966.665243295
2432.91719101165
15964.7678706034
1559.94053923174
79.1657915480359
55.7468917723155
1431.80366164939
209.361616501427
809.928383581939
2494.02388389183
925.671344883573
210.607776023537
508.05218225013
360.517890261934
8.12872620248202
829.015686305062
10154.1010303575
1026.50008201956
1989.14770016039
1516.08384784787
312.120653598682
2896.54744766478
95.9054026813783
243.302518650795
88.907781099322
96.5648424478389
137.966951383921
4221.89846359007
11.8572607515695
124.132138166951
45.4289862255844
1626.11443610754
1101.05119701649
166.865094884621
154.855586852922
267.573704751597
1031.23217762263
7242.87678029941
197.991475384468
282.828761964912
378.458453173211
290.50669818835
530.970068009682
2437.21661848145
806.526449989766
1418.51843591758
4024.40719876387
469.811369079787
3699.06853579742
45.5011728837788
84.0376620033592
184.256735026138
600.982468998306
83.7107779293256
1157.42812732717
1572.03260113721
4417.52874978375
126.307403819791
2997.41514465837
563.206752916003
26560.6288869061
1372.64017695573
113.341424449885
120.999734028288
2520.66996580629
1585.51383068023
2065.36108430345
180.694652433082
629.71491188297
841.108481650826
717.481683913545
116.300487155223
4466.92209235072
993.142936422661
114.522709022327
865.644767460353
2270.13867186798
23527.2028013032
226.081683334304
182.81826700789
1581.07159497181
63.0905388141894
226.914850983887
5498.00171849356
128.936268755182
324.912053104837
1508.23783948004
261.615464953089
155.106352565862
139.571586860511
145.547830800711
133.077314114181
303.975468676923
171.975064155813
2751.64574698672
36.0903108172127
21491.6420666682
175.766154795408
45.8552484716665
159.277310576287
50.7886188753256
30.3498978589522
28.7764988073493
1504.33947788274
332.690375726641
167.953352001668
176.857117532618
73.1989729206901
249.321020726613
175.711596987875
1840.16367211566
1989.01947544611
4476.16947082469
6.34189682798392
47.328942780126
1647.91858481345
933.583880358762
436.27138107413
497.022184804257
2892.5003458423
132.027233297562
1870.64994887895
358.500637881503
231.673706059729
1148.44042457364
34.1939336274848
1973.51257561425
154.592674497197
269.317271933606
2766.96497888583
376.18056525481
1930.39767437027
565.190949917085
3160.3189993903
247.525123265767
74.2111158612583
2246.4059241879
52.0028134534792
1161.63064878463
35.4682620989822
4144.14767021286
133.087916723938
564.943690093449
660.851767860688
642.651260834072
222.365397963197
163.388691047928
1713.15644583601
192.291164395343
51.9685031721528
9.20363534774897
167.211768468422
1096.36139824198
21972.5451710111
96.5648424478389
76.1968896999591
2675.70288509299
1437.35392518991
182.82273616568
135.514855944876
358.885481742047
831.842363269536
2590.07780616408
3007.28324233347
38.5178840399119
35.7636824194842
63.7425944624714
5405.11808351437
321.68082477407
906.972065803351
2.43243884585236
284.248037215319
6.03040522203384
3.86332180485337
11.941105505521
17.2592894091735
3223.76289217213
1291.23047405525
13.9468759131425
3848.01148400178
82.0522279283765
96.7726530909404
29.5463681234547
85.0946836506454
346.68945177582
56.6305656700515
106.080943549721
152.411093085812
4002.47241825876
339.363315845504
357.086096887303
2091.48522647369
540.122780026472
1169.03537013316
770.590930399604
243.289149699759
303.975468676923
378.470444952201
305.398689289752
1293.23766614082
2928.59792348593
102.117204725303
17495.8310016661
100.742647851291
6390.40534330919
29714.5984501095
1924.41272323931
1926.38279839678
2841.15691204941
114.825884193563
206.674791951353
465.459224366448
54.2365855980954
40.1060059135752
766.735443384516
2175.6771669311
3540.40234160025
2760.83039661218
318.709454720488
136.52409450302
6920.46505353629
217.513665009374
81.6282448847821
2144.05511713655
30858.3755091492
690.048674911558
124.792838934846
19110.2660447306
129.756971362603
290.626886686908
12.9300166184219
89.0905544723648
249.390919763816
163.659129958883
607.140107291162
357.224466320293
9.35795759952094
0.500907778819582
107.932337891895
1391.71631465455
264.754162687017
717.716685728675
157.938535496105
524.201380601971
2224.0828446678
265.11303491239
124.940539889858
339.163640401035
107.091731794368
339.076161871591
1909.29865800548
2935.75171129906
7992.12109645302
3702.68517645017
2266.79962639476
182.651441618888
364.161581904886
2205.26717651093
334.609244365229
166.393312754538
484.636948133391
429.616771384188
317.430172306519
3162.7231482084
195.508046449758
193.129596414116
66.3124948079569
23922.3684005031
32.6808697612844
2683.98524440686
124.464823174616
23467.4763172922
4606.74740034258
4076.67257613963
66.1144016117782
2591.13419366566
96.5834220029087
23767.0491292914
15120.7877991525
230.885809262282
261.585104781251
712.394936110854
238.117274280558
210.778596474367
157.079345061867
279.833796358166
4.24243975223562
35630.7247279958
106.080943549721
147.93943371475
647.657794172983
192.221465726226
5430.89230878078
1753.84647337257
3334.72900402957
22.9739171452293
1078.13132847655
999.484558891409
30.1530599243491
92.3301139469025
2768.3853280768
133.137769779227
212.295884952684
31.6111951296183
451.489473278384
382.149583507247
3802.26427343429
129.919123898089
159.843693313354
362.581703237652
3459.48950774919
1769.06353117018
1270.20479075238
336.534312395056
2244.02800799016
3590.67201740847
35011.2789179275
5084.86396271289
40.5737189765959
415.782571338578
1512.5738409442
301.559062353371
3331.01408012541
1957.00022094409
48.5392081917611
41.3859495243427
2227.37273717589
79.628582886406
23795.0622162426
98.1919063120976
2137.27320635988
799.363879072444
20571.3707456375
636.89571692792
137526.900414275
5068.68518591714
17.2976624572882
172.549393280667
448.757108266576
25106.2955922139
243.686659856119
8239.01996767416
932.956130352788
43.3832827442554
155.777569865811
3802.38119634247
132.199431901014
238.432095426796
35105.8451260688
317.104766445301
18532.1080385813
3117.94664091741
505.349819277066
51.7392356053627
2947.55045154459
898.985382037397
3054.71659230333
243.223806488925
294.243103526208
387.510735437403
347.531396350628
1824.40671783139
999.490745657843
4941.16576948166
143.653215772012
2706.0764513155
288.95889703646
572.812481434562
959.187394677236
731.384783484774
602.330683822143
395.163157303997
224.635593829035
2494.50381611543
30.9667373873722
297.370382897903
111.958582504608
181.477800061589
47.6699514036875
2184.38643713312
446.875909281995
246.950381590754
4815.0334100152
970.56907763162
60.928438187435
15.5144877530058
1006.24676021897
79.582772775274
520.099176487934
1789.42150371119
95.1171664658
111.654922216207
3970.68589966519
100.314450109484
279.711135061022
461.602975765172
20400.9318001511
2156.74599255607
961.749955701923
732.366650442673
199.225179409863
249.390919763816
176.106650910972
631.124893424574
7883.01218103784
16.4460491833222
98.80034289401
511.293499502801
1132.22416357083
35321.2740408297
2633.59603805839
3166.39779881815
6076.11367510895
2599.39519141372
558.877399552063
321.997060492511
205.992967936754
29.6074280275983
26.2731458192302
59.5211648335174
2602.9671776046
2830.46471722823
78.0960751071357
2675.0405347712
276.801672994729
91.7203917031098
2530.24421382571
1164.9225938932
4836.00004969592
1675.75411403731
1376.01844289045
237.090415839434
31134.8013488341
14.8558808851991
1103.62498982974
2544.40810900828
1567.9378974106
48.8439371712524
819.291334287273
1841.78140614951
331.071336272497
48114.1153603683
557.068550004144
628.016058601804
4.00692118807635
741.105143551333
280.414509011461
7.92544579430243
2.92103207208659
1406.60078252693
25419.837460236
979.60151915613
899.559150931282
572.694028769778
355.434738992207
11432.2769089091
359.89995352704
11.1956166869107
155.988195330871
94.0944967718806
129.909289037428
61.1174383208598
2272.88180245021
1521.47711450573
3662.47488913039
2878.73299061558
106.202736021358
2668.80479535343
429.123211852388
160.130008627558
127.8818240724
107.834343636876
70.0889588313192
32.2710832201754
781.169336180441
65.1195245090775
333.493834839522
248.083119203607
1183.40540658004
206.344265452166
561.494090576738
230.144589190512
194.421172775945
103.425848649128
380.555102633714
251.032533787221
72.3882890674853
3038.02905957597
85.2771889935954
129.735717222211
248.862806464635
15016.1623761162
62.6451640946519
154.64591015581
1657.35908618219
2246.4059241879
39.1193396063089
102.947052158978
10.0321836123059
3913.67269242501
4835.36557358599
1.04327021931045
119.355207266268
1517.57956493977
260.678050701146
415.321313436596
199.803605289443
272.431409821684
1006.60075204937
61.1983847057614
14.9751124062234
138.29996651919
66.5308191060919
2735.89666280992
2183.41811275547
16.2428864240108
64.4184739000363
11961.0991924482
38047.0327544514
193908.136354225
188.80835891032
77.3901550427721
7142.00646562071
0.895670830327308
312.933444282903
84.2352361309592
1084.21879576998
785.144811429484
349.340732094648
56.743296757336
2014.96732435139
64.150797503325
11156.3331201407
177.599132056326
2234.59234953321
86.2526820633339
222.938715518742
248.288276719717
166.313053515334
397.969531755744
358.306497802942
301.871828659487
196.096657038694
719.724348476181
183.126724162376
11.1956166869107
25.5320672712389
1635.15256633028
37.6478180870945
125.811843100248
77.1446704818323
740.777979070214
17.2764133237601
116.235207220164
773.753309585257
1362.35455129703
3405.5624379643
426.868764798009
68.2063270972219
2227.37273717589
555.393880516796
1414.71142766148
337.249076880666
19313.6585514671
3370.92667312177
82.3177823120634
1511.1538003659
286.685006792995
680.438471118362
1375.72986793387
10659.9550442095
121.213007682351
2079.23413435186
1688.56331640928
12.344971364668
580.176692251646
442.393286907722
4932.08005820581
1064.63171085429
5.96633299750183
280.389589994493
6228.20915522545
240.382855327891
269.7176006231
439.762761853987
1388.69832375685
157.750657492074
2231.47368747305
670.834474636041
665.04839607007
522.862364448601
60.2207360242086
3160.3189993903
2711.24646416178
377.501074523793
453.542114363774
181.944906506298
37.8421484624561
1.60013858704498
10.0571491825054
552.862339533713
295.007391024337
17563.420055056
60.6938459737874
204.186223540379
485.735857881019
3.87587253035244
1376.85196205145
16.3922222345083
183.916874944774
29.7078057946869
84.2162774395715
338.159252776496
4222.83325843326
1361.1090183041
469.055841324475
1735.58952652395
524.989461941556
3626.11557726913
125.858125990323
82.2781911503141
4719.12360540133
2834.6946133024
3699.06853579742
489.773465324129
899.559150931282
173.723564243908
271.209743526265
290.048234611398
159.182269795494
1034.97409194344
536.900471554269
320.427337909064
38.7595171119809
84.3651621143585
261.609245845204
104.972211764084
132.553740153685
32384.9474099234
336.453094967805
70.7710802100956
1220.01546391636
366.624771541999
21.7631241204128
23.6309318376436
995.144449519012
164.768247932819
