329.32
321.604
33.2516
32.2116
34.1757
26.2656
32.274
29.2685
31.2552
28.0863
27.0381
31.287
331.709
31.1837
31.1757
29.1824
33.338
30.2611
31.2223
30.1874
28.1786
33.0561
30.3176
331.965
31.2253
29.3012
34.2757
35.1927
32.1927
30.283
28.1728
31.0023
28.0381
35.328
334.018
32.0021
28.2656
29.0481
32.3048
27.1801
34.1725
31.1779
28.2804
35.0086
31.2963
329.299
29.2385
30.2066
32.1785
34.1027
28.0914
28.0863
29.0481
34.2165
33.2632
33.1214
320.537
33.2086
29.283
34.2165
31.0023
34.0873
31.2474
33.1927
35.1502
67.4366
326.394
31.2012