0 0 0 0 
0 0 0 0 
-0.05095409229 0.06175509095 -0.9967898726 2950.000732 
0.0119069973 0.955046773 0.2962159514 3000.001465 
-0.5251151323 0.8399851918 0.1366710365 2999.998535 
-0.7854452133 -0.6111001968 -0.09814473242 2999.998291 
0.06086200103 -0.4567010105 0.8875359893 3000 
0.398325026 0.667699039 0.6289000511 2999.999756 
-0.6806035638 0.6896445751 -0.2473238558 3000.003662 
0.2373989671 0.9699949026 0.0524564907 3000.000732 
0.6973019242 0.5418729186 -0.4691949487 3000.000732 
-0.8688112497 0.4074421227 0.2813500762 2999.998291 
0 0 0 0 
-0.8824598789 0.4287189543 -0.1935579628 3000.000732 
-0.7721052766 0.6321362257 0.06524801999 2999.997803 
-0.8200781345 -0.4285480678 -0.3792340457 2999.999268 
0.190380916 -0.8853346109 0.4241907895 3000.00293 
-0.6641450524 0.2231220156 -0.7135320306 2999.999756 
0.337997973 0.8718118668 0.3545439839 3000.000732 
0.3461790979 0.09183073044 0.9336633086 2999.998291 
-0.9766247869 -0.0105741974 -0.2146909535 3000.001465 
-0.2062140703 0.7173292637 0.6655182242 2999.997803 
-0.4707620442 0.7253620625 -0.5022280812 2999.999756 
0 0 0 0 
0.1015310511 0.8085123897 0.5796542764 2999.996826 
0.6164957881 0.6907737851 0.3778418601 3000.002197 
-0.4213970006 0.8882060051 -0.183070004 3000 
-0.2010300308 0.690746069 -0.6945910454 2999.999268 
0.141177997 0.8799960017 -0.4535149932 3000 
-0.865201354 -0.2321571112 0.4444431663 2999.997559 
-0.9768390059 0.209935993 0.04138299823 3000 
0.6340059638 0.1115679815 0.7652378678 3000.000732 
-0.6679545641 -0.7196155787 0.1897108853 3000.003662 
-0.737937808 0.3452098966 0.5798949003 3000.001465 
0 0 0 0 
0.3955339193 0.4896598756 -0.7770368457 3000.001465 
-0.9818434119 -0.1069240421 0.156687066 2999.997559 
-0.8691471815 -0.4542240798 0.1956110299 2999.999023 
-0.7302818298 0.02922199294 0.6825208068 3000.001465 
-0.9437685013 -0.317545861 -0.09200935811 3000.00293 
0.06794042885 0.2763161063 0.9586623907 2999.997559 
-0.6564483047 0.6499732733 0.3828971684 2999.99707 
0.3519649208 0.4125389159 0.8401978016 3000.001465 
-0.2305720001 0.1271740049 0.9647089839 3000 
0.06086608395 0.5769369006 0.814517796 3000.001465 
0 0 0 0 
-0.8509148359 -0.1240529716 -0.5104458928 3000.001465 
0.6548473239 0.3000241518 -0.6936573386 2999.99707 
0.1301489919 0.6809989214 -0.720625937 3000.000732 
0.4785462022 0.0819228366 -0.8742323518 2999.997559 
0.6280397773 0.4259528518 0.6512527466 3000.002197 
-0.7061300874 0.4893960655 -0.5117340684 2999.999268 
-0.8699297309 0.2082109302 -0.4470688403 3000.002197 
-0.001369639998 0.9853709936 -0.1704179943 3000 
0.2081330717 0.265902102 -0.9412633777 2999.997803 
-0.5164891481 0.2535800636 0.8178851604 2999.998535 
0 0 0 0 
-0.4967379868 0.5568820238 0.6656829715 3000 
0.5397340059 0.8371930122 0.08828990161 3000 
-0.3197670579 0.245293051 -0.9151941538 2999.999023 
-0.4625731409 0.4893191457 -0.7393192649 2999.998291 
-0.2445109338 0.4460058808 0.8609838486 3000.001465 
0.3869281113 0.8930862546 -0.2295290679 2999.998291 
-0.227682054 0.9713522196 0.06808701158 2999.998535 
-0.3022231162 0.872377336 0.3842121363 2999.997559 
-0.9064919949 0.1033739969 0.4093729854 3000 
0 0 0 0 
0.4266840518 0.726780057 -0.538267076 2999.999268 
