97203.003602677
64.2035642277657
308.509499114686
478.522634115173
1.34112023552376
12.9276996611031
148.941901520069
24.7731039593903
16.402839238898
6.175917701065
49.8827392687802
40.5234060709891
3.10708917921866
7.64376326063626
5.14232626523096
4.3499221495436
79.3209438287499
5.09289822414012
528.350425814888
81.7305722682322
66.28467390889
43.8926126598055
571.789525675064
103.73267520942
60.4373885838364
77.5303507888726
214.153065049265
149.840250945998
70.2861185076583
0
14.3705590686734
50.4082151124951
12.7468433538844
10.4138517671445
2.80361153210942
69.8627066919964
0.55
60.8795152072834
383.304578290855
0.674264068711929
240.210425337971
2756.33220365047
297.507200677289
13.7094829040339
134.691259238192
32.0719752054096
1.04525691670993
2670.89351945321
3.37569863446925
17.6555266159819
84.9525777780762
29.7626151605853
591.304389611235
1.1563888134893
85.2941975162611
330.272962190697
6.64317482047079
36.3397586967546
8.36805248909682
0.573889050570613
499.540192299176
2.59977927699577
22.8088506673806
3.92656125291633
99.3861473428582
49.9950678231012
57.7325577684097
84.7002400352947
19.1548052690654
58.7251699419706
84.4107906872093
83.4747192577388
33.3878256837408
56.4835981269243
610.413236464549
4.5142697683651
32.7703661786348
15.8563853450856
10.7747630290562
51.5802441232525
5.3203893832023
0.871630959447959
8.56420463111225
64.7639483844317
65.472988099951
367.340923197568
41.1089124148489
47.5702326925537
44.3877966353559
13.6602955388956
580.95950272255
69.0556586576351
29.9974885113623
23.4861747256835
34.7490797806996
2.85732050807569
32.0719752054096
767.490146113808
157.974939361413
22.1125185291074
39.5470162283212
64.5214750849904
180.541701487398
0
27.1161469293149
80.3156798128544
67.5888737133373
261.341699341406
15.6237439370559
112.425806544421
10.5848290157085
28.205120499372
13.5836752847959
38.1737242541717
0.05
18.3810043321556
0.147320508075689
5.15820197482804
12.3398390198629
331.772301122867
8.02470602255679
19.3941162630353
20.2829059022752
203.543533428858
5.80655099261701
31.0546090873103
3.11435032381822
8.86792965280538
98.5712316008928
43.4610010409855
26.6657980871011
47.676987146244
25.9997527568756
2.63161839333255
83.5462168656008
337.165917211907
12.1995592306719
20.3171426128148
9.82338049885845
115.380294587015
191.012604783345
45.446660266787
407.896450123719
22.6793146016509
3.15982756057297
88.1945771535842
5.03050847588905
50.6644426638636
26.1366255416064
61.0323429615034
0.01
49.7049486834663
12.026344237367
58.6455047068772
161.531753986646
11.6352563895533
10.3122846106326
49.6360855490061
34.4628707143084
40.5234060709891
22.0480638931041
34.1874624754928
0.15
357.934952398664
13.3985264490681
60.3985804862914
49.0201462663103
7.75234094324011
5.65847034150643
459.719190574777
58.760017463364
4.91386404119248
102.47943422848
41.722925446661
2.41835777177999
62.7895352629089
16.1726216322688
341.89322664741
54.5832058318399
96.8004525469259
49.8934659408588
23.0778879296628
18.4196597360246
7.98321387428411
83.8769674676563
54.8590983182054
125.107326753294
32.0675642953254
12.3615035170696
199.048677059407
68.0486138392266
256.597104601009
10.7377837346286
7.49904073129455
95.0807755769185
251.83219833674
337.538469847257
57.6517348477989
56.0232347719959
8.42941465825845
2.80819289626897
53.8597701816258
7.75234094324011
57.2787040761561
265.266032784681
13.007468176398
139.77703345335
37.9717996932073
6.76123644299513
66.3952430329684
565.790064674715
71.1286254136705
533.929990364201
27.1102089509613
67.5852801659915
8.47571213325417
47.4516119285714
60.7547773941114
14.391708333007
15.8723668775389
4.62410571388094
28.4971262405449
48.6047385004965
87.3130649935868
3.92656125291633
34.3101793225675
62.4155072162942
15.8872209413152
7.90749891843016
39.7475568564679
49.5068755962029
14.696731124219
68.2525036843417
173.476087919886
77.6472197726906
8.38170659901152
277.785550000394
218.829460385005
44.660160120065
72.6430926210195
60.014555598694
52.0232431061475
9.34373201252836
62.8049049960116
47.1351613187529
87.3084986300592
3.74842857228269
132.919014637787
57.4687156686516
182.864158120105
18.8626581017695
85.1025323530865
2.60416324453905
20.0826840384685
3.82785972774021
52.8128194375778
41.0711039536806
56.9123001230628
71.4571555768373
6.36905272495131
87.733516310927
201.651615044246
202.799790311088
14.8557149225263
48.9848478871146
19.3992233845635
17.0733030336005
1.14856173553292
25.2489054064572
3.13467158309001
2.92608838799745
0.751225142914695
10.6183310245973
139.126185489199
27.7550784317463
162.317327807859
14.3360729934368
69.898919951906
346.360039456125
5.04641874275974
338.053815461193
63.7351587789089
34.9463615618641
13.4679626253354
435.494932658498
54.6606632465524
130.390462396046
99.2274034093136
40.1002397497185
84.9525777780762
81.4916299726223
356.74090346734
8.07155566188977
8.17961642896669
4.85836745500261
7.29088709752758
15.8563853450856
0.769615242270663
0.14
32.5190618221902
1934.28162355072
9.8827839199927
304.802660063813
692.358247413861
7.99854586727202
1.81999579157194
67.4047460932685
45.8921461276183
303.529174932299
36.2962032896089
250.51451099417
3.80187631795483
11.0253377698634
8.79399007222061
1.87228551531825
60.1865432840456
50.3373449418216
122.87945410008
162.066800415398
24.4183071422273
6.97094395356646
4.80238877804295
33.9222978936749
20.343664288509
60.0536164090833
21.0047194895399
4.34214048805045
5.31505242769319
37.4173645428128
171.86314234951
421.899870086101
172.087006609534
1.65088371091713
15.5090904563138
10.4196210750297
25.8172389213141
74.478794399619
9.7247524018876
263.838444710139
177.33508900093
21.5638486614916
1.79550569594362
65.8012999350923
14.0099956251613
8.7871778454084
25.2307801446914
470.355298622635
3.57580836119884
117.675897536055
3.21309607627629
135.194073423458
134.916401438321
20.9072062276997
86.8224661956809
8.00269119345812
417.448029593726
96.2208945559299
0.971168271184191
0.01
87.614431697055
114.247021316472
68.4892180871876
372.658064519093
10.3122846106326
55.2592494967753
3.00174077886317
108.039004665744
172.580987183866
1857.88710643288
13.1520654439575
371.542088931015
13.1882488037018
121.38292965577
75.2302298319323
78.644770777385
56.3257057963474
1.25656609248549
186.684607582055
40.5219581302979
61.1630037746482
146.807206655703
41.8126659051564
573.943253356979
17.9580140610971
21.8379100631573
16.4826073057748
1.40414213562373
842.263540302851
380.155210228339
35.5798254399328
85.8813588534813
31.7486637254659
18.7690886829148
15.9539822600574
66.3268479206683
14.1694491627386
0.357989898732233
23.8477060654288
119.573368481557
45.3437760356558
65.8419337541291
5.64925771355755
149.263143688424
4.13571213325417
30.4126468265694
63.2876725801216
22.8947292137081
50.3581337991006
25.8704722410664
109.297277499434
135.72397659366
60.9696701592842
10.563866083741
1.55171462512378
10.5848290157085
6.59908261948857
41.7631768974365
118.969383014578
144.822650538606
82.4284190282005
16.5571956226953
23.9869391274454
84.6632413638857
77.3586531996165
104.660413446585
74.5058354679557
9.15434156739712
617.900240459108
0.0738890505706126
20.2968309074989
130.451595429279
36.0879917079846
10.7489435642797
329.658195582511
5.65579084958212
10.0883234715856
47.5603457190876
115.399310106688
73.6886751728856
87.9571588201368
0
68.0486138392266
147.592936161462
6.2647899641596
2.92862791343756
141.66224937313
63.0308474895382
36.1402747103365
86.2863524460678
78.4410221210805
75.6757839179604
8.88416538504485
2.58879470260475
197.967497096843
12.4364892498621
78.585282583662
144.419093501527
124.600580173315
20.1594657998963
126.707824506048
60.6086298780303
107.504471867067
217.664784050315
12.2462173437742
11.8052179709363
51.7862045447077
49.152864904909
63.4256739372886
19.6023816001855
760.948158454157
360.714529810415
303.344547907629
32.6628608431257
13.181774932332
6.78241553720114
73.18255511535
0.0707106781186548
542.144561653472
5.65847034150643
12.8017524583313
13.5642682180023
16.3728367226839
4.31304332353577
3.13467158309001
85.5217968380488
61.0345643094874
58.5357289516221
4.28956419343354
0.0707106781186548
402.064965161217
80.3059926705158
2756.33220365047
82.225692263303
57.0444507651439
2.3777525737525
51.5623952944878
8.45451651205491
0.31
9.20419030097145
384.573725823481
92.9655523331212
280.474373224903
59.849064938437
250.984706072415
3.15872955778823
23.1270277257804
0.336602540378444
2.42275607978471
9.9358323549496
27.3755935672554
7.98352202936709
34.9418585235413
11.2055601974174
15.6756531752919
44.3991824853082
7.70975034506198
168.756994970774
18.200397412592
68.9622921483086
1823.37803154865
270.212755985664
4.04908000694742
80.3636821167954
394.643924734765
99.8929972542997
80.827829909651
57.6818346325789
7.71922501508958
32.4696069085595
18.8698061520988
39.8849714276075
10.7180972466555
389.50954438776
22.8253618178955
150.474494647753
16.5005334607506
321.967585646236
4.96210556371981
75.9795128504878
57.9526400075111
14.5799029900263
95.1398106846226
0.871630959447959
58.3383890673829
135.879369151745
58.9120881309702
132.674977870193
9.63420050243352
14.1717850799552
3.49127569690348
51.2304236139583
225.136333440413
12.9555768410099
41.7522061824925
35.6267984804511
23.3950343028048
19.6591652891997
117.988882196723
46.3350369086909
139.460900226117
53.1527448449322
44.744015343565
13.3686825560182
97.0261306368916
93.6835192344317
44.3877966353559
150.474494647753
7.73840332671229
381.445788387907
122.660993640339
699.262735817967
22.8088506673806
21.671441869513
16.2311761254072
21.3388277403299
514.022244057766
18.0132503309967
4.31428640999408
2.95989726233585
379.954088203066
450.973378880784
104.89163026924
9.87853571527917
15.5928260187245
8.81541678622523
77.0370658871868
92.587346791406
4.30894444302728
0.05
375.004047432125
37.2854199819545
93.1767620943192
10.0622209920852
12.7123765126327
38.4863266673158
128.72107753778
103.170908080934
22.317627207825
20.8944057825639
149.835955788128
102.573943407758
4.69337850115681
60.8600892326076
23.6267667561034
74.478794399619
32.2906840335603
141.999027385846
30.8087171208091
46.2655918584967
1.44164271207775
146.567524341313
3526.71323527907
164.654184496565
101.114741243086
34.5526457929244
28.8013029987084
23.7555126489572
370.34099786488
6.78429764195924
0.0173205080756888
17.5153485451695
9.46436976505078
14.7525980647109
42.6265756476329
66.0651287937272
31.6162875246876
6.55868037914516
13.1561844702754
2206.13652729758
110.005395160876
203.370666014212
12.3460319905321
3.00174077886317
40.8548985911429
56.8695843396353
54.8722049284334
77.9571556052602
56.3400083821217
50.3581337991006
83.1935377914607
99.2869907940422
113.732600138939
178.262318253093
15.0569385771165
267.712754949076
65.0261494038535
3.4901543410463
30.026291061332
16.2283798849938
2.95239187772228
29.9750969107093
3.37569863446925
39.2345024944166
74.4269693105657
107.607277672079
146.725076627584
41.0256428227126
377.117634163537
19.6418815312491
2.1330544712243
56.8930121344505
19.0494472193129
133.462239988565
25.9009322659931
316.89231714125
66.2804930216044
399.096954729439
26.994823301175
9.77954687330715
191.229836721173
1.41817015071359
58.9089189342205
10.3696152422707
133.416828118964
132.342400329031
97.5234115214955
559.379403155802
119.126668978907
13.032061703241
3.7665177459422
3.7251897980269
73.4772728517128
46.5944658759275
5.9208875295009
7.74938480203082
58.3185459066663
52.7887779877211
592.155640084022
233.791704626001
5.25067650098647
18.4776282941155
5.39634111340965
6.69020721007952
51.0939469308947
96.4869649757424
19.6820009438792
168.846940512446
61.3820849558586
8.01707940613919
12.2493887534408
60.6920523506293
3.34695031842004
94.8217369898449
79.0382481846264
15.9041479028952
10.7469221508168
87.2534334413871
91.5578620924823
14.7433420409915
30.6678471025004
22.2321951988326
37.2854199819545
68.7333241044375
61.232108457384
39.679627396365
173.554998223743
0.718761283039338
32.4837241825688
27.7550784317463
26.6060409907983
110.018775422544
193.082064282058
58.5535366489304
37.4406421318849
64.5189978797961
17.8888036392282
556.218665236492
49.152864904909
204.652019990205
7.72768535901504
6.73431005151658
6.69046905012841
36.0879163576487
345.909060119948
95.8484209263664
3526.71323527907
0.424264068711929
67.575437928259
57.1914560372334
25.2473054251688
17.5574564792518
230.579641256687
50.2678978543049
1.55279139708576
86.1184058322622
95.2132215254975
298.105029811963
13.1882488037018
115.380294587015
342.661468563427
17.4165029664939
2.22451942243589
7.06514228623875
27.7210716471531
8.50946657338276
43.9586141523512
74.6929026413796
0.55
29.5188109375546
0.05
49.7246653030538
68.6840066913428
15.4220652196585
93.2821282047232
164.188510297377
10.8489018238178
3706.90516851911
16.8294815985768
9.93586187655703
126.552575687504
161.110072140628
10.2147500341477
45.446660266787
152.271265790057
335.849879691109
115.607934939479
74.5506260032737
398.589201669772
0
71.8582608452933
6.66106409737928
24.2674190163619
507.446117054992
407.815023365619
156.591545121026
86.5182428603202
48.6004935586581
84.1443932072708
12.4051218523237
22.1899196851761
103.285056586607
5.46254856269031
226.202910421907
45.6649770193272
309.52126042791
1.09819339730239
82.7210517638841
15.402557222836
66.0422282295437
63.7351587789089
104.592856074919
37.072841562468
4.54041989425008
1.21186664277808
32.4837241825688
198.948834671743
333.276758291834
132.515995890734
1.25656609248549
134.903513513023
47.9131026708021
32.3354860790302
417.770867069218
13.1520654439575
50.7928590662155
5.14434074153181
4.34214048805045
397.110142258438
109.672343780001
25.6114186919223
66.6022053898944
71.1286254136705
29.1271167295183
312.067103111039
138.994963436503
145.142841524065
154.69181178586
58.9578907358532
67.5189951943295
106.988204957655
41.1806784385535
57.0505273909845
12.3308593473534
119.781128849762
3.98537464433094
8.36805248909682
37.4126230828632
2.59891921596934
74.7671579581043
256.912049130165
35.5400426347506
5.20015593097172
1.70463810814479
13.3119962048071
12.6730137207657
42.3368683477865
29.4932312755159
0.933889050570613
655.058028285982
117.60718514152
29.3536984112862
51.1926385106212
8.79399007222061
42.7311606137488
5.84393614260549
19.1871422201946
73.2494249780507
11.8930461647844
381.157048546641
130.420410472531
77.7113062875588
190.243896574651
2.4186712768534
5.55347084831671
66.0288123232897
57.4552766768568
81.9175391530479
2.57746540207401
57.8050856196992
9.2723280183418
9.34307967163634
0.607989898732233
9.32808899141672
43.9918472844392
94.9777603148375
0.328929222269922
86.1928173064886
9.05863002778395
11.0687999271696
133.328273526284
11.7918284386227
86.7227914313589
55.8536109117824
16.7085874116215
85.071901308748
64.9916398107244
0.674264068711929
184.740779217568
334.211912699838
18.6819210394202
77.8863790199671
173.873081027642
0
24.8424688615683
140.179887094106
80.4780295608709
56.529269280156
195.203000764355
66.6758254208368
2575.37246706262
102.424404865252
2.61409701168895
25.2713720240668
572.403047164639
96.3978797279043
433.498877879806
3.73702323749988
7.3718103723748
5.69382624926427
23.9379376588308
118.073245164843
102.965089207636
12.6120188037214
207.595123749069
1.66891018006154
622.12280471917
229.557507366947
0.793709321564992
55.4765637674835
29.1000947912475
47.8826745250548
50.766141902194
580.524478359456
6.64425932334114
1.26874507866388
22.8207912927919
8.42941465825845
58.1178100735764
287.421577856303
0.0573205080756888
13.8295821918388
40.4430834463646
155.537818205593
16.9097329313404
25.4992910786057
180.265158607191
147.713085080654
11.1491282027877
0.160710678118655
21.609286468339
13.3686825560182
23.4605759618045
4.13996781051521
34.9231854485941
21.8409573352229
54.5696765344828
11.0525054861621
287.987465737626
420.094781027461
21.0116545189507
8.19570042195105
0.376561252916334
59.5317643003648
147.125433856097
42.9483213735928
47.3761469130678
34.1379921479024
26.8413145766348
81.577921849453
105.434877403856
65.2922004988829
24.6897238992307
14.0345986589856
129.645051233102
21.757952870848
6.37862871280099
0.304142135623731
10.0688673708102
37.244428213031
556.218665236492
50.1718481277586
6.59625709199487
0.453553390593274
1.85194422997823
138.656672546612
3.61599371171701
14.5202554071308
1.81999579157194
77.7739184637213
13.4088294920153
9.31260756868115
48.4578338471288
88.2462863198561
47.7393285945473
108.039004665744
185.003664403011
152.135654415176
2.48482901570848
7.09375261098539
4.61284331000422
53.8694073275301
36.5705624122905
5.32242003781579
708.571252008618
37.1475838290799
8.66774078155171
22.1125185291074
95.1398106846226
3.44568322079695
11.5328893586923
221.696332706602
60.8235864936569
51.457509012764
0.01
28.3623565018368
73.8140515496059
18.8949201361099
15.9816000961545
7.77520882543302
60.7547773941114
69.9733020793009
0.3
8.00141145975579
8.65379522349542
97.5234115214955
65.7168911566987
0.677687971556189
5.93517756436204
45.4843366631388
109.775347906433
14.4351592592439
75.0225341962996
132.674977870193
17.6911280729771
35.5594672318886
5.55559170623779
6.73431005151658
485.635060423348
91.9524892998053
146.621050143787
145.476449046652
133.112300944648
1.99161839333255
0.01
184.505067933418
11.6821378891184
40.4945169591963
170.386218287132
19.4671774881148
13.9368815628938
11.4896071749428
16.6799872981194
56.3149463869059
30.5344533682749
7.14241348886119
42.5756278771797
201.896594739431
6.75826128094346
25.1787978981753
78.0937615271628
165.998871640967
54.6501540396956
89.7070117446902
6.00234602738435
95.3534385906535
317.390747594459
349.503411556033
23.104923265651
10.4701929145484
132.255629946545
14.696731124219
2.59977927699577
23.68366326464
45.9741534480888
80.9906455738144
22.5648857223538
8.00914178683706
39.5543438730937
191.873016015994
12.5034765479699
498.008397604309
70.8531175650037
0.336602540378444
0.554142135623731
1.62707735749275
109.759047871092
49.1810087194206
77.0370658871868
48.9848478871146
79.508648742564
122.260355262288
355.48190509528
7.93683826507485
18.0831506552672
43.0471559789518
542.030526511165
12.978110942052
4.13996781051521
204.050204899114
31.3161268561765
76.7895430365921
80.8522321560164
11.9524063463652
345.631354175037
34.5446560262924
98.9574740486971
35.7045785699946
140.312164858977
46.2849597810213
33.7072000814914
20.1354505744393
45.7303768958145
8.86965603763777
16.9673767658995
43.1463256856858
28.4318083816337
58.7933614280846
1.40414213562373
61.9400493143666
360.714529810415
7.96974054589148
31.7275187902711
42.5869383422261
6.52140531264294
82.5567736373914
12.8339599528735
23.0153255316878
6.5181783824895
448.909837625973
2.80966976180216
157.974939361413
27.5579881581209
292.318901987979
39.9810808325843
47.9800949237328
709.667776806332
0
513.816882359586
77.9665311035816
13.8300916738137
1.76304219957929
49.297336568437
8.79258493142983
49.4239781538258
6.09062164679645
23.873507065231
283.352244639156
6.69046905012841
47.0703848785155
70.0338182548993
87.3240801630809
292.020389936106
545.533147995417
8.08530903812362
267.706015415566
0.953553390593274
19.2114443643386
17.0661748671122
237.137408001118
21.5653516993076
5.8688645422512
3.42418160522344
29.7971093989115
126.438857279212
69.9021167467099
167.465826833829
1.45058004150877
14.7525980647109
41.4185438528433
0.14
30.9467366684159
124.909005167332
0.986561252916334
208.493082537563
599.121317338421
61.8516685670351
22.1894371828959
126.023107708359
15.7776021261055
297.070743903324
7.28328221509904
91.4611938931641
292.392517717335
97.6705834774615
0.378921932691332
41.6389115484336
58.172328725624
137.627584011386
10.0730229657951
68.2893839422886
33.9222978936749
217.664784050315
169.985926103468
86.9126195967233
213.695831700438
3561.64820228296
81.7690478793853
303.810018234107
63.3921407649627
15.9495887248626
5.9208875295009
9.8827839199927
95.8730476103937
36.9398681595017
23.9869391274454
99.3307576316276
214.373741977883
20.0463808151162
127.501816267155
7.41344279259041
64.098743074511
3.74260495052473
14.3360729934368
15.4565607021608
87.2534334413871
5.22807682012787
161.795105802778
213.695831700438
11.62425642683
213.198483372368
101.659523804211
17.2395955343944
16.8399656519851
0.554142135623731
19.734479666513
384.46592665898
213.022297947952
214.392066010707
188.566052484507
492.312490948942
43.6201151082079
0
25.2144021398896
20.4073259219058
0
62.8049049960116
23.104923265651
13.0941817258643
46.6937366360296
120.932103161023
7.72768535901504
40.8548985911429
11.0141097537756
3.57871618725549
11.0444806912757
3.35268094053428
0.05
18.8164134809171
3.34695031842004
27.9378036513107
595.27233330368
435.382905778068
87.0304516302863
52.5835097763073
6.24202644169861
336.676615163715
44.347814197989
7.53274111118249
37.2990921131821
69.3972329551842
65.9037526069416
65.9716908403764
0.163889050570613
6.78158518338067
18.516092391045
73.2645034461231
530.41530613703
14.6648632577442
549.877674097786
53.8494544348935
8.60444474874884
51.7644505072699
64.5189978797961
54.1522004539926
55.7883238308518
49.0436410748999
10.4721982027563
35.5798254399328
48.038234343527
62.002948343762
6.16642438544249
54.1327583775372
19.4810502182564
28.028909310335
0.163889050570613
45.3437760356558
31.9014193657995
78.889108713322
53.3028495035475
12.461105313776
7.28611089793553
357.166199190813
258.054365510597
0.429050820584753
80.1964306212345
12.7123765126327
44.4340064059055
174.322262958471
69.8974145892904
14.7892404304526
44.5854360527364
30.1684933216045
6.42417948381951
242.847958299129
76.9730549280166
5.10020672558728
419.463837432039
83.0989147594517
12.6393190962623
9.46436976505078
14.2866336001889
1218.75741270812
35.9500073171724
459.719190574777
93.6835192344317
187.395666519609
35.6409722166161
80.827829909651
94.7280482809898
12.9977126600084
31.9671594843787
27.4886397563733
60.3415479321659
6.93593108171484
21.247048139012
68.6840066913428
12.4257160144471
0.160710678118655
23.2871987011096
8.21538563856763
102.898328394371
54.9409787476969
2.96571911595414
130.420410472531
73.56530692694
74.9616114486431
29.5483153362354
117.297950484415
356.99975140476
0.160710678118655
101.659523804211
7.21784792108519
3.66379433440753
147.834877726496
3.4819940117064
112.319342240561
7.17175312811758
52.2100993691488
168.027191701788
104.064649590271
101.114741243086
40.6062101589938
25.2756075774936
5.9208875295009
20.3203833024643
158.357748022088
38.7566825875898
111.036264011683
62.2689858519059
140.312164858977
142.692015177547
417.770867069218
16.3902936398611
11.1409042847952
149.79505651962
191.897419061885
69.8498314644852
133.504389246639
407.896450123719
20.6236426607015
529.797791434698
557.509591732802
22.0232723958323
6.03677746760984
47.4626264450956
24.980867297881
62.2689858519059
5.41257162413695
272.336124722871
29.1547950698167
43.9689874947262
50.7991399399351
17.2966728250352
30.9802741108872
10.1498114793794
6.44713805176586
2.06605551275464
7.05420378558541
16.1896574562428
40.1002397497185
26.077332668775
13.4389669883895
199.116127209414
91.0699472101873
1.65710678118655
12.1717960334466
59.0311237980139
19.4451408440424
24.6791226798751
47.9131026708021
22.8024282021071
10.401639581618
84.3129648066991
25.4762023953588
333.822428739658
19.2371131352502
33.4835398240123
284.468891370463
70.5129904100086
27.7550784317463
1.48823994549038
36.878918805213
5.70035812371252
12.1460597414303
2.74136918663258
18.8969825190482
52.7710188048417
92.018511716034
129.324034417481
3.27143155608693
101.340638860504
3.96721948251333
7.79206495022077
119.046462482867
36.9593133475439
6.05638618214129
88.4543427769321
55.616902747594
0.163889050570613
1.88742823071026
52.82243860022
60.192157775821
3.55569149038914
35.1142978223351
144.72418706874
39.2446744616999
8.74743153932083
68.2893839422886
495.711252761177
23.686024607581
29.3536984112862
64.9300012617821
276.941719645801
101.409282431628
2.96748811692053
42.9116859272597
2.42967071354757
25.0015402253975
188.365736877001
6.64425932334114
398.589201669772
57.9526400075111
24.980867297881
58.5357289516221
42.7378395298582
1.63043087591972
625.756288733661
303.529174932299
52.9587735957156
93.5305484279031
81.3465687745523
101.659523804211
17.2805087203164
118.339714140334
3.23131131690796
73.592267290955
52.730969769335
26.4845907514268
27.0086635059086
88.2613248594597
123.395831211587
11.338904853378
5.01062140497889
149.79505651962
440.263394784842
6.74260577930307
18.3214802203071
66.5383776261187
63.7351587789089
345.631354175037
303.529174932299
65.5299983782742
43.3913100076509
2.72009187170237
87.7120712767693
47.2565193503785
83.8769674676563
23.4312804207228
14.4351592592439
59.8579991549501
106.998580281845
38.6603617555665
45.6223856748788
80.9379857939353
483.370397147457
351.967594735563
572.245078848959
676.505539821282
29.6793913845767
56.529269280156
63.3306092372994
90.3609564460968
2.59977927699577
11.0362047837343
76.9730549280166
25.0194590090504
27.3198725467638
3.85414213562373
7.06750296601375
17.2854292624411
24.8424688615683
355.815342630645
132.880555103842
9.44874963384613
6.98594966898131
207.595123749069
220.645491199925
363.662458713084
67.1296027702377
397.82298843828
9.35008949883716
85.913283155273
20.4021052597251
389.321016370493
505.853136331978
13.3635722383815
3.43955202200902
56.2774742368726
10.1498114793794
55.2960578747671
60.0109733169075
2.5475979559788
1631.5156997097
108.426563220076
77.9571556052602
77.6911517912775
65.4733957176326
28.6937053557058
692.673651577685
9.64058386858803
33.3964568431991
78.51570402852
68.0681302278551
3.03903034314531
167.368859246061
1.14367532368147
368.207580764051
95.5400784222546
64.9210225678041
0.01
53.1886684019161
430.917843340779
123.142057303731
137.415865678226
65.6618710913985
0.427442441163886
10.8192044272394
45.6338512985216
95.8221219280959
21.3300931278372
15.2079292770523
184.139139807146
19.7586465896387
7.2611887175898
84.3129648066991
2.92213203435596
481.805027723334
10.2615765246415
442.249205708848
24.4291912146021
19.9590343137649
0.936568542494924
6.35044677929731
220.351897693102
3.23011271421147
65.6618710913985
174.058646447062
478.670080817047
32.3101047796446
807.058708160396
145.483539892205
10.9767281818776
16.0485009695597
49.0436410748999
159.557388033853
31.8323042056073
69.5410135199331
33.0952318061001
4.16516866901175
4.78274184221577
19.5718945912534
40.9973499571641
219.945532873604
49.0436410748999
175.829695728081
144.765627060755
10.8630544989821
135.713361707908
10.7441611230239
10.0741365102505
35.2410226251308
15.4909394280348
300.486878470631
12.8012885815894
0.192360679774998
11.5327877521525
745.23095810386
88.331509163724
45.5079231700629
99.0046632740407
73.6036759424344
80.4709591377368
13.7230884391466
4.85871674246268
72.5214420445412
70.068087042748
0
18.4710314514364
311.005861146302
15.8492930610798
46.8969173493151
127.268203854313
68.2525036843417
135.709908537981
140.106827603337
3.57580836119884
15.2393121097906
0.677687971556189
292.392517717335
109.294704915779
44.2249057991339
1.81802706251585
3.95300225983611
27.9847500139491
23.1737578230574
8.66774078155171
50.3422616293635
85.7364703692559
2.91072353800244
6.67596507859801
16.4731088815668
0.014142135623731
93.1068755406874
175.741579525868
19.6788283188919
73.3524506912486
3.93065382832321
35.3823268116708
58.01163760008
23.1496776589477
18.8391507698288
144.087059673624
7.0693182056498
94.6179805010372
1.12341788544126
0.176602540378444
198.462261071339
14.9348852543481
175.583333014958
20.8465699093187
89.6465715434874
4.85836745500261
21.7409573802344
101.926876204727
616.049969483844
5.47802706251585
55.9304912598913
13.8594121186395
20.3171426128148
6.11547604461005
14.5235823729831
50.6758156164603
122.63919858252
39.4356901411894
13.9102944772551
39.9043148020649
37.0634089534323
1.02196538570366
2.04414213562373
59.4344675186444
222.598707807736
42.9946732900735
10.3244839165961
187.589757628943
122.63919858252
15.8651648448088
9.82227351153593
43.713776044322
27.3371575648504
10.6839584903879
18.6123727401556
57.7168905326878
10.8188610762978
16.1032247093161
35.5724982687504
101.327750905575
18.1941975074538
22.8024282021071
3.72182613280388
127.079426708819
19.5718945912534
36.9508692124614
43.6201151082079
84.0510789876147
103.568886752214
7.41220960118955
412.303968147076
2.04414213562373
7.64751923582071
36.6165465375354
19.288931297939
1.15370932156499
205.955149012839
64.0492399472287
52.193134203766
60.3415479321659
101.789921958249
87.0291100865036
15.1885795388144
92.0301136342878
15.0939763204954
9.46977733822942
15.9878442160918
152.977641079628
0.674264068711929
90.995029582798
11.641943011794
60.2907513185075
2.81134776268364
174.775694101078
59.5686338357455
11.9713056947163
38.4329025420582
233.957683107575
16.4908965343809
313.479312090365
2.25889026955751
25.3903950707121
15.2087376434187
8.93072346002472
36.2962032896089
50.4850499261081
65.1823584096429
308.455759119202
7.31716053116838
47.9447701898236
43.1456386778375
11.930890579156
155.410748753115
9.93586187655703
29.1925124175239
27.0202704665005
146.807206655703
24.7686090619624
55.616902747594
221.323901638033
0.424732049657846
29.9284118484083
120.161556538846
23.1496776589477
119.192894045534
177.885731946295
1.78279220613579
12.4272251435026
87.5238757673573
206.79191968153
15.7357444829366
7.72619450695939
123.710113973323
49.9231191784418
32.2103264845434
61.0975883348981
97.9267731897478
37.8833316642206
5.22807682012787
28.9019391037902
1.12341788544126
200.972138829695
2.04
52.9906760745554
365.164968249272
61.9400493143666
96.4889441391087
2.4613620382403
42.7571155680337
11.7716074991564
21.0531683812878
8.01883134786643
71.6952502718091
0.91
0.626561252916334
59.1891634835975
10.9577416812219
320.877060690936
110.078521491151
12.7245328824081
13.0779631501438
18.4635288587528
124.909005167332
6.21240085288482
480.117071270502
8.76396842060976
14.0027436229804
49.6360855490061
7.26053969387917
104.822733482767
556.218665236492
8.55379533361936
103.149354107528
50.0536990318474
394.704426995631
2325.23004859647
3386.91861187977
2.57533284379044
78.0025318791571
0.054142135623731
11.8274724182686
10.7067849983165
92.9356178098099
151.598187620494
534.127722259361
94.4644262275456
3483.72960728011
32.925106066062
70.5774243726555
2.16245122482765
0
59.0311237980139
19.0210173890242
90.0603583346755
87.5238757673573
46.1861917959958
81.169966275584
95.6850733380912
209.2515983611
47.404631514066
30.6128478620966
11.9123296670766
99.0986331694268
71.2669170404397
4.5142697683651
40.2300911985891
116.223473950858
503.345693376698
105.431807377222
28.4466679778248
5.03636651713959
10.3119493286321
2.91181037237481
306.351213601461
10.4222743813123
20.6971544195123
358.410607401088
8.78619943262521
31.8623748495401
124.416753207254
3.47444144806036
0.160710678118655
63.0308474895382
72.7322987433346
24.0162577496216
34.8805588881288
5.08810959594061
1.67948906298475
6.22132774470375
6.43268364128716
85.0789092524169
55.0723990913941
59.9186922290565
3.59655099261701
1.65088371091713
706.544048294158
5.03567806383746
3.17820880456325
14.3731776647404
46.2177275694908
8.75763357782725
2.75512372759642
31.7275187902711
11.2988948751832
198.136224290121
21.671441869513
792.080348266329
106.404733107646
53.8597701816258
41.4418389160172
15.6695005802795
50.7513341556436
129.230930914589
9.49751311979963
25.9009322659931
44.8981010961575
224.122128797957
18.516092391045
11.0619630109012
220.351897693102
1.98570466058945
51.2304236139583
0.607989898732233
21.9284238822246
387.156402597235
392.187652301273
52.2401729208715
61.1630037746482
1.41817015071359
93.2309777363575
35.5055009959038
78.0413753314718
41.9616720904658
16.4406668575661
254.179296776489
9.21382498387493
117.560086956454
43.3913100076509
42.4631554893077
215.661262842039
30.5198044222964
32.3620858487991
88.6051069536482
30.9467366684159
0
105.699323665017
156.343990626065
61.4721148265555
2.57533284379044
197.967497096843
11.5009238130784
83.5462168656008
32.8361393042888
37.9570185315173
90.0784311571939
570.693481581238
23.3934385405124
9.32808899141672
9.06322730509335
11.958150040061
15.564666862355
29.558799193731
73.6613985099345
65.9037526069416
387.27593543082
12.1776266660775
0.336602540378444
12.102925636845
96.4384360687897
101.419573890644
9.92849387643918
101.388929695034
5.9267907596609
72.2861658337937
4.10773588491545
6.29629342636748
0.0707106781186548
37.2937536063012
5.64037566819813
63.1997353984323
60.6750310749798
11.0331162117695
1.29011271421147
459.719190574777
301.872463315704
477.442185079864
85.0837353367854
52.5835097763073
11.8084887667581
41.4185438528433
591.188209218294
58.2168630412322
72.5379406150352
26.7921284238314
246.511312030085
171.86314234951
63.0510804106767
122.521294382694
3.18768234167753
16.8807662000314
62.3568859702214
46.6088470062985
56.2614873766246
49.3525609855497
64.2200240401977
201.039696685471
478.564657570224
13.9078987131065
135.111383162384
9.32808899141672
76.701328046234
136.599624020058
23.3129929534949
245.959521068523
218.829460385005
52.8726901600955
1.21186664277808
14.3286873964853
25.6809377462809
41.9616720904658
3.29033798733091
45.7591809198857
20.659736239614
60.5793599213997
33.6173156250789
34.9746515865065
86.8224661956809
12.0934912617568
8.03036799882577
358.339448635565
35.4272190741216
131.443353372372
24.2654273129435
40.3283855153551
163.946211353374
79.8202625747078
12.0626512500404
0
0.197989898732233
106.203689250319
6.9755244650147
3.17820880456325
18.1249941655569
101.409282431628
124.53586419808
57.1914560372334
6.19949545478587
8.66774078155171
356.74090346734
13.8758978860347
3.54615529418069
6.91630694907145
75.2302298319323
150.221131564114
599.574104400375
125.499940219463
48.5022383708302
53.3028495035475
1.92373601878643
4.44425833957002
436.149165089497
5.84738838284389
12.6100159543085
101.915081445701
35.0725382999733
122.038875030094
129.611498491142
17.8037321413716
1.37062956101084
0.163889050570613
35.320055342116
89.9850728704538
73.6036759424344
89.9850728704538
1.55171462512378
35.0250259074465
126.766309013457
6.42039805764505
35.7279915085526
5.45681792201982
44.5434677964884
37.1073285728023
0.05
224.213677190351
10.3244839165961
382.822817340802
345.662332291193
220.137574682346
100.160966192419
5.60858631305081
0.01
7.9029206912462
4.64222235912037
107.35794419965
10.2547204112114
51.5192434316776
103.521846296964
1.4854225234623
34.2892512025289
602.608092959138
89.7189440164331
26.0462522398969
219.138534369807
149.79490632151
41.2093250546239
63.5029973514723
81.7690478793853
5.35328359910726
14.301645610153
518.347301959865
7.31716053116838
15.2811067737305
46.2809327834688
40.0954526446786
440.263394784842
176.920939854314
28.519020611102
75.7827674687344
12.0023142978795
13.4202844392296
65.6618710913985
186.531117724089
81.6475862906908
2.90920226310697
163.975012096828
0.334852813742386
15.9253272405548
42.5715871924368
5.04641874275974
4.45239787222521
33.5929470199284
534.31995644494
43.6970597045117
62.2524802980591
4.70865439865406
1.27671793780928
190.050537949731
206.224609601216
14.6894778465354
24.1994494911246
94.1644635055272
96.4238905076074
91.353453955147
0.631056150344166
35.5604199593616
38.8634741591966
10.4934228387916
15.1427702085552
47.9110432796024
288.531050886078
16.1573997589452
44.2579508133298
8.44511274072744
180.404944543008
3.09322157028015
97.6330814440233
226.838533381442
45.9317357588235
4.13571213325417
142.170192537426
28.4466679778248
1.67302836142166
9.74648431376753
33.4273159442988
42.7566971369014
84.0978460979933
0.144142135623731
1.3274910071211
58.1497010285057
24.7753093411265
58.8251198017408
9.83425960116313
0.570710678118655
11.641943011794
119.126668978907
48.7881003762639
7.30402575799536
95.7867677823817
10.8188610762978
336.82023200397
505.943759421487
118.359074059506
104.272552930112
134.816848755985
11.0444783812281
134.916401438321
43.3915671561539
143.041431864752
95.1084652636376
29.3277107849825
61.5630076544933
28.4971262405449
34.4135510714004
3.93366016251883
42.3368683477865
10.3366920448204
116.624324604284
60.884243310236
78.8749449520859
87.4014891612262
12.2075918966512
169.066498241201
104.532249038142
34.9418585235413
15.549128830253
88.8352623974948
46.6937366360296
270.212755985664
34.8013996240153
84.3129648066991
353.492156458808
4.79034684079985
343.556582528389
10.3696152422707
104.285970794819
0.01
5.32245400117775
16.1628744610183
565.790064674715
27.9988087033588
63.1151684531148
94.2600173911539
51.4855634224693
292.020389936106
4.73592485785027
13.9458251820459
1.052360679775
40.9452244640715
61.5588992087247
20.3088932207276
4.30222800133234
14.6921463269648
2.80361153210942
29.8324461022791
36.9508692124614
6.2647899641596
54.4720518277923
13.7515890280011
12.8617678849662
19.6101596209984
2.88499566724111
3817.66529273369
34.4604115079542
4.78274184221577
6.69632677732842
72.9910107178922
120.431860034978
65.04090950241
137.631607801142
69.5256507328645
73.4674631820407
489.672433758038
2.10692602166295
4.99917473981189
0.554142135623731
24.9736461944428
91.8455667808682
60.6750310749798
1.54
164.992355399993
19.6788283188919
9.03817403969307
71.4571555768373
181.710631158675
67.074942089669
9.94432609271571
254.745781245551
12.3947370695051
45.6649770193272
3.07206413573314
16.3088030052369
6.43268364128716
7.77447895591513
18.802179281044
3.03903034314531
7.08378688083916
73.3122848940212
79.7525961084323
22.8412900798543
17.6985320535349
69.0056250021891
6.07889931428678
22.3683589228845
2.27181037237481
15.7942283532109
86.7393969383066
13.1882488037018
44.4605149051073
129.403225061646
171.822380179223
11.2505992989726
9.53724689854515
767.490146113808
40.7275967853443
397.82298843828
4.73111796002473
61.4615374415001
50.6751358049636
20.8103116437512
2.06388905057061
7.14241348886119
9.49751311979963
36.2130799711322
77.2338282827035
85.8795091586191
957.552883340291
0.971168271184191
119.432679071596
7.97373549684663
133.227724740856
39.3545796040131
109.813044553637
50.3422616293635
2.90782731956346
5.45282620401931
14.3951761698749
0
345.662332291193
137.624129597619
83.4632357006971
79.9247641607515
152.498890362551
18.8634744345581
14.5799029900263
3.52867332743927
3.90798989873223
73.3582709383966
0.054142135623731
4.10712812921102
63.7351587789089
77.8554223899657
13.7251615084604
25.2665834031494
43.4610010409855
116.458838814171
3.13396449179391
185.687587521609
585.364767819832
550.522792004306
24.9247673690969
3.81587503748881
6.2647899641596
19.9586909799215
4.67111939315755
7.35491807123264
507.991459720966
591.188209218294
18.2954773346444
2.16426406871193
5.44823883650245
119.125003080516
4.25656499039729
27.252669409422
93.899113750794
5.20242000945633
10.9968976287843
40.0812483333339
35.2484885371279
7.03837314355725
17.2805087203164
16.0357371911735
61.1734105962948
192.691160070213
40.6673482862108
66.1713171485684
336.82023200397
232.577802460767
139.308268681946
41.06789248062
86.6857424319173
55.7755510847999
591.188209218294
73.7831095769445
439.132957114754
23.4838226012042
139.715349978596
119.662396989915
87.6546912361692
18.2359362377608
233.464240029384
53.1293846163742
5.40480486734129
19.7400167979036
479.19499569433
1.63099583175716
6.40273173876451
56.5497285928179
0.578929222269922
24.0725798988162
134.916401438321
42.6221359403677
3.65916860213861
3.69499566724111
7.93044869155504
2.47421579553745
24.8386543275367
54.0584020111634
58.7693448097811
87.3084986300592
102.424404865252
8.78619943262521
0.89287707742294
170.106539537015
4.91386404119248
108.336400592926
11.2055601974174
42.6729395341459
78.3211869701987
5.44489637435512
13.208154331113
61.4164424279827
8.19695815908812
42.5146249963772
94.1261986504241
382.965812345761
7.40663318411502
38.0473679645862
135.031331152627
9.98473355849064
5.77691074370424
55.9943563310812
16.8294815985768
11.5452912012905
3483.72960728011
16.104927921766
175.829695728081
516.472594820882
48.5043439603531
33.2514810696526
50.1051801277802
98.5282770045158
4.63792248416363
72.8384647249047
46.6088470062985
0.19
84.3000659616909
36.1534080722096
30.8087171208091
58.3185459066663
22.4781032219865
91.4396224158133
41.7299716716868
85.3927280562925
1.95503095282259
103.176066030559
4.74268526030062
35.9607288710905
54.6827621620183
36.7839495203333
99.329222922926
0.05
81.6876542060064
29.7206036736121
17.3583596687099
0.983881760992023
265.891737087082
10.8139937358273
89.3652958003214
14.3705590686734
4.72949591506956
216.835207034501
145.142841524065
65.04090950241
25.1444664101928
69.6637565913035
88.3899953380977
174.058646447062
771.86186116703
2.30712702558226
21.247048139012
18.9809654623136
63.7064603163554
1.86962734175446
29.8178912312166
448.716419787204
3.71592770120021
77.9571556052602
0.586568542494924
23.0771144287162
7.90509156944633
130.974731982516
0.589734790398478
6.87450280720013
65.2412522485965
23.3129929534949
53.9316395239694
63.3004215028594
62.5388533188453
16.3580771293934
53.8150157369929
10.5798862578205
15.0265765175993
31.3869447776392
13.9102944772551
88.24124267555
2.04414213562373
68.8579239001133
24.9736461944428
23.2581004119033
58.7103322319101
6.09813021608914
5.38316863286394
42.0442518094837
22.8476396205387
10.8367510604023
145.193347000648
86.3759164076324
46.733947185477
134.15599601804
308.823261247032
354.781225974155
5.07922848208331
65.8110403441425
79.6104734662037
22.7170870563472
546.38625007997
3.7251897980269
38.5255417661063
7.20075163191253
9.11850022343805
2.94617412911842
11.0577131291711
12.9990652708728
240.210425337971
23.6916935146239
572.245078848959
8.79258493142983
0.14
865.25114687912
1.12961524227066
25.2645145728775
86.8266222250422
20.8769576329124
498.003614578287
189.798367918223
56.3460334686541
96.4384360687897
49.9853634621921
33.1912151423873
55.4364084887821
432.81893858736
127.813220294552
18.802179281044
5.98350116892378
1.03426406871193
341.89322664741
12.9784471391084
5.59171230998066
41.6366328026389
130.021027842647
5.12455414073249
83.4169588226757
126.003997843896
41.9341980680246
0.304142135623731
4.57459586274578
2.13425801230982
21.4663359697107
8.67619397133018
1620.607382161
14.8554816428633
284.553262391543
76.6644803714356
40.4331359459259
20.1191519047881
55.5537810959512
96.1729812200645
7.0693182056498
760.511570612705
15.833501796592
14.2839541082646
216.137169315727
53.1121413756341
27.5579881581209
161.465044216753
156.511162799215
123.710113973323
11.1491282027877
49.4509797639804
165.496013547385
0.05
4.96916499236004
465.207740551791
35.6409722166161
29.9121288987838
18.4710314514364
17.5127832988192
19.7005783638317
1.44164271207775
119.20918620672
7.08892370509644
71.4571555768373
84.0308154446262
8.31426406871193
50.8147031422268
51.3767633192535
3.37582603911978
2.41835777177999
0.05
1821.40671619601
6.10144961721246
6.50914326522732
168.617050758436
32.7245418535514
1.78511862262627
5.92707197425301
79.0303334941738
117.080109802906
1.01248711305964
17.4383257424221
14.391708333007
0
18.3939535358108
92.1113531124061
27.7550784317463
122.605154856002
30.326560002496
52.8507741276097
12.1623112730384
2.57872723157148
36.5622687566512
389.100413179121
32.0751196782804
11.1254217039619
33.3534292799379
116.624324604284
14.1612561740409
1.78011271421147
19.1633727132624
85.0256345743108
475.976213568749
491.015870927981
2.85414213562373
44.7969563090485
19.3948657507451
90.8694803015426
3.37373601878643
111.270115055944
6.59249266818149
155.410748753115
8.70702993856315
1.47892193269133
16.6926830466436
55.0369857387395
8.72917314285335
81.6475862906908
0.336602540378444
203.219843066716
70.6623391575695
2.05111095303754
23.2118872516395
29.504417678573
2.7509202813293
52.7555934530946
15.2087376434187
2.85
7.79547795533557
43.7397269388044
503.345693376698
83.6853937829377
78.0511673372914
17.094662433877
7.57161104119576
33.3786168419475
150.121822081864
5.69382624926427
22.2831240712642
177.275337436437
363.458248104736
126.023107708359
6.39584720040157
97.4352977156048
4.70085353161738
42.3397573562108
35.2783264998836
2.62151522273259
6.91033447167634
14.236840506255
41.7631768974365
131.343418755776
161.599769986441
1.10536044166503
73.0671882050936
52.5823870038429
31.7275187902711
244.369604226383
36.7175220127871
27.2318740566991
0.197989898732233
659.310332468327
5.8179955983854
13.9737102576109
95.9756730309238
70.0338182548993
3.57580836119884
9.16392228553634
28.120526414355
159.620776227294
453.20177717911
47.184400115832
0.967989898732233
169.862534744397
4.0217087552422
2.099609930631
2.64918830920368
40.5234060709891
3.3345748432995
64.9616612679143
319.680269530196
113.331935442883
19.3992233845635
1.03744244116389
28.028909310335
99.2869907940422
338.97934567961
67.7883182076574
7.64376326063626
66.5422464771649
6.53750754397778
36.0873971632133
95.1484765149903
77.8863790199671
69.1733725129914
21.2764757542206
10.5798862578205
56.529269280156
225.71711496547
59.2286222652819
7.35142959158133
18.1220590078253
72.7417829308952
2.37426466339494
142.74939701159
58.7042267982388
6.52359590128046
34.8611550290807
3.52366862661445
5.17476040846339
39.6619611087757
85.8813588534813
78.2360093756995
2.66621823027533
22.8133875528251
270.075602305296
20.6977770286359
90.995029582798
76.8815194316124
80.9379857939353
103.568886752214
89.547677057055
5.45550569594362
155.423480909483
69.6578559208833
62.4011517499801
41.9626045334142
146.621050143787
59.8882990624847
7.21207118406534
107.342265721904
0
164.992355399993
407.815023365619
1.55240417162084
5.62221219191841
101.419573890644
32.4837241825688
31.1952964306692
409.350174340008
261.482533223911
11.1763017059162
0
16.0973991083604
133.30698803117
14.6591358234236
14.3127064657362
121.664168441203
367.340923197568
3.69374910177694
104.276510524199
124.53586419808
43.2884615951269
6.58595591210501
0
45.2219578808259
0
34.4647364995528
61.6372608492942
55.0723990913941
0
41.7076765600363
117.723634524146
192.691160070213
7.12091843589183
2.11656125291633
18.0906134624914
30.8934410011259
32.5190618221902
109.286803667057
6.57123804553995
26.9369429067157
64.5394535320999
157.670275602052
3.72733360222704
0
423.269336962405
44.2579508133298
14.7892404304526
147.592936161462
41.5508768206634
114.07138749974
35.2783264998836
3.82458238264135
77.0370658871868
12.8169109763138
4.40139487204536
39.9163971473118
59.8579991549501
1.43816044050489
18.4635288587528
124.204838181318
316.108625977184
30.3127475485411
11.3304428946009
3.39058032879655
32.116282653589
599.574104400375
128.271821199286
87.614431697055
93.9215689519902
29.8155313299458
11.1825349974042
20.8103116437512
4.40951235287781
23.6146601085943
37.4512370072486
478.670080817047
295.730653724931
99.6970511804052
29.8645378294696
10.655639457127
131.343418755776
21.3585729629939
74.2459098243493
5.90792888296251
4.72181037237481
10.7067849983165
373.685728706713
439.767925934395
416.597074648135
3.0640896192793
1.052360679775
2.92213203435596
81.3631886377358
112.941459973129
3.15872955778823
49.6186022490323
13.2176927629641
10.306168979596
98.2644761251342
72.7447910415647
0
46.8376711080554
49.8513932111876
160.371086436391
91.8836396343909
6.09062164679645
93.2821282047232
17.5332549853876
62.6896055324065
15.833501796592
78.437403270084
6.08309227830418
51.6036728639433
143.408574036665
5.21940433609836
3.0778174593052
49.1512720964467
398.589201669772
16.3810416551205
681.45853880712
4.9891738845276
60.5066689292479
43.0695738773189
0.55
173.873081027642
514.022244057766
51.6653902809094
123.303724269281
20.7748733203692
11.4310730188308
10.5627120413088
214.286429880805
190.991743451486
1.41828427124746
2.5026153182424
435.494932658498
71.8582608452933
60.6750310749798
19.6418815312491
5.46622366364086
2.16426406871193
6.03713412706559
0.163889050570613
131.700759095782
10.4191104071184
23.6267667561034
96.2208945559299
0
37.1759979145316
5.34106433701536
3.71317797618765
17.3630146212021
0.0707106781186548
397.597465902389
14.0997088594078
7.54636975633536
112.662730235673
43.7397269388044
3.85600726989721
143.431138619258
32.7082497060332
72.6519785799949
105.699323665017
418.990468382638
0.973847763108502
3.71317797618765
0.424264068711929
11.9270479707821
349.448356688515
22.4843192912791
102.801470253163
22.2662192078212
11.0546778104496
7.46464283675427
8.85717452810584
0.05
11.9269722338444
507.991459720966
27.8901897427127
61.6245891943021
87.6530459839028
2.33668267537114
72.8243234435788
6.7490730726134
449.193574975677
115.799596950495
6.28818980063099
26.0462522398969
33.991152991932
24.9736461944428
12.8617678849662
24.9208231175347
10.2689836507623
146.455399575523
135.879369151745
133.504389246639
0.967989898732233
78.8760947103251
52.5835097763073
4.43966863738048
2.4186712768534
31.7615785872232
6.88067150974975
2.1509796080456
559.379403155802
124.423473997573
297.021790147606
43.625086865499
13.2521973697132
12.053857739418
8.63944833588431
4.42396920942347
86.2216238261806
77.2090399859914
64.6108133573015
214.736224405105
5.8033111883501
13.4778827612008
6.35029738834727
0.677442441163886
18.6734773880172
29.4313381118179
101.572056041284
31.0009597121953
18.8780775185091
9.88144302001341
13.2791998537786
0.14
1.052360679775
96.2208945559299
50.3422616293635
16.2801275236258
47.404631514066
117.878720894509
43.0695738773189
7.85621292222086
51.006381434608
38.1437929219359
11.554910056712
30.2920638763996
123.327784954534
73.5557099733155
18.2422026232862
63.1151684531148
46.6937366360296
331.640170962922
26.7192465883546
26.9109147360009
7.51165518169843
24.6897238992307
20.4735499524453
1.03744244116389
200.97597228521
71.7918485004516
27.9144349906099
190.619387153777
3.03215874266089
560.427466440639
77.7720159021958
78.3281018386068
21.9457112814269
15.9816000961545
12.4215778111849
91.0699472101873
5.55347084831671
0.320710678118655
15.3644539018677
40.4235024189861
49.2982956089274
418.719572823565
10.2147500341477
59.1891634835975
44.2476363333866
73.3772024777648
34.3936052914878
148.401898066568
0.743962141535884
104.279115441689
8.44135026029851
81.4258562076847
45.5572020489735
131.461221318882
81.9175391530479
36.9948907339715
81.3631886377358
34.7140587828865
23.2126314305248
28.1638625466865
28.6201289245936
3.37582603911978
573.943253356979
11.0141097537756
37.4512370072486
77.2338282827035
14.7025608159275
35.3823268116708
69.7579141227862
6.38051891607175
214.573317814561
225.572725299139
79.3153404441256
23.0305866147367
19.2009632262164
24.9764066215321
62.3495455034497
4.83867014929628
7.08095636190089
3.21309607627629
40.9183782847783
425.287425667583
6.9937208557666
479.19499569433
64.5189978797961
59.8722943602286
9.94507416277998
4.44847034150643
47.7579890883033
0.44
13.2737095657931
3.90798989873223
25.1771099350783
6.63222466109424
14.0804937200858
14.2839541082646
6.59625709199487
21.2315740083038
142.083559918745
8.08530903812362
91.9524892998053
25.1457309821576
9.30603979702517
0.570710678118655
2138.02409644418
90.2376292178685
130.239451835377
7.09052852662793
16.8543553771553
55.9794338381386
3.54218164402162
31.3755405796173
72.733437469105
3.29250151087824
61.4615374415001
293.369365754492
489.672433758038
73.4383433642054
53.7416073355184
60.0794220497559
53.6239151866494
278.871328301039
67.0734831902836
8.56363524278748
1.39146029648803
5.60858631305081
22.4843192912791
61.7401520151488
31.1708553671784
63.7351587789089
126.619852728999
7.64376326063626
53.1886684019161
23.6039966980303
187.395666519609
16.6008612937098
3.8748463237981
4.7410210942667
79.5949858066466
31.3161268561765
559.106939536074
35.1432664692065
41.0295652134197
3.07206413573314
5.85538886848923
14.8557149225263
66.0704960736107
5.43948817879227
41.7076765600363
2.68393298322152
37.075884547699
19.6985438513609
11.554910056712
146.67127478637
3.01876128303934
4.28423167445884
1.76304219957929
158.55244239286
251.040977549388
9.34178538109825
571.803771534907
1.54015593097172
0
52.6866796891599
320.37424506761
54.4855044404595
69.477415976451
222.598707807736
171.43617523563
24.4282660380645
49.8513932111876
46.6122369661228
53.736097889875
0.89372060511414
503.345693376698
1.29237824053309
16.1481357854561
100.016797927657
40.782797030447
18.2177587673283
100.88108872327
37.4168484759201
1.88712364712176
62.6873066294131
189.690906680262
7.99799231305751
363.458248104736
48.2796924587288
87.825221569225
40.7385441134744
77.8535280553872
49.32791855321
59.9622722411646
209.496530319412
22.8261129580901
162.506220918813
4.49959706014629
19.0183882237413
56.9505996203095
3.87071067811865
18.8497109462664
1.94349360503665
21.1880017370965
69.0994042984932
134.584363259713
3.12735484533192
25.635747029967
106.784963169519
0
260.391925230068
10.4701929145484
0.01
99.2198901322343
27.3371575648504
84.6632413638857
38.1737242541717
317.834076549347
31.3755405796173
485.79067015581
140.866376530233
17.3583596687099
11.4215894756444
71.8271943808034
61.9944334532618
11.7645265150606
22.0047180052588
2.27099583175716
0.320710678118655
3.08750759932005
65.472988099951
116.223473950858
56.8930121344505
1.85194422997823
29.5450053797072
42.2779358531597
57.0625250258488
32.461727660029
462.000614166287
2.56207373118183
81.4258562076847
59.9954328858179
110.394518870798
16.6029763907678
77.6911517912775
94.2400687924759
53.7744471193426
63.5364260526704
166.240671967861
93.2510189836803
5.92356702142521
13.4618365249318
117.390407060137
49.5867136922971
39.5470162283212
34.3181904648842
364.108944701235
77.1098926767065
807.907287776123
4.29525118131278
110.078521491151
163.286010617691
60.6920523506293
129.703340471987
64.3179088006835
94.8408123831136
1.95503095282259
1.23584812478825
61.1734105962948
9.94432609271571
0.144142135623731
53.1062715755237
17.3191051392279
56.9026681868662
148.401898066568
15.8563853450856
43.713776044322
96.1860861951259
119.895593818317
60.8642860773892
27.9988087033588
698.116991704651
35.5959295759195
285.534081499973
87.2114539663022
329.658195582511
83.0849845828474
19.6418815312491
28.1204748876058
1.74836949136048
72.3924371872098
48.9642121476295
24.6867220481449
17.9035427881645
96.7001594694851
29.4932312755159
19.2214108326798
125.10989910026
3.02593567239148
226.334447257475
43.2085877789241
95.2132215254975
6.5939724130986
8.13532525737571
6.64362230000122
100.88108872327
16.6611237227749
25.8704722410664
102.108944569959
46.0997958398758
30.9876171467568
16.4073405681326
89.4481627184262
38.2369648023954
599.933044077745
0.179282032302755
64.0503370721006
97.2246548573891
87.0304516302863
87.7979351000014
60.4373885838364
364.108944701235
79.0080034173253
21.0419183106041
9.30720131226913
510.881751558798
20.8185753960841
163.26226541396
6.46676964108918
18.4712423003753
33.1758283922618
34.8601523355973
8.18179815498583
86.7393969383066
26.8413145766348
0.01
65.5898178650422
35.2484885371279
80.3630919420263
34.5738853673189
2.80361153210942
25.1228499738339
460.059596072523
13.6619539721824
5.04929516857356
44.5584383084701
256.597104601009
4.98430523351818
55.5537810959512
0
3.06961524227066
138.234208763157
21.8922572139003
73.8107207551422
43.3003678680854
34.7513285116886
30.396677615604
48.879578788284
34.4135510714004
1.6466771167757
10.011278236875
26.9298209324841
116.76722976338
0.770211786507519
119.432679071596
78.644770777385
8.72318739544702
4.18581815391661
6.57123804553995
35.387303678739
116.037337902042
398.566384194804
45.9191065804199
173.478546022704
25.6230630895172
84.368134417608
7.71699131853488
42.8446963485641
74.3278812276071
240.984017741111
112.901326173443
3.50487817686708
15.6084139334903
62.3282646086702
54.8948030852778
78.0937615271628
472.132033462229
6.91033447167634
15.3231972122817
134.762754502817
29.9974885113623
77.2090399859914
29.0354990001283
126.766309013457
241.329685287356
65.9272403267638
97.711002446883
0.05
90.1293811960419
23.3538650791628
6.15917299249012
1.52744244116389
503.835530671489
0.718761283039338
35.5400426347506
341.385536815194
79.1274645917597
46.1768194011346
0.760138332372221
399.419294342814
120.525633768769
21.6900907746653
39.8508692694702
65.0264461190927
12.5971025084984
5.27961524227066
101.219622418076
12.5106260649023
22.7318989213881
4.33570389535034
18.7711003303292
44.7805675652107
45.3475253468459
57.0753799355346
9.2723280183418
86.7233459278465
159.563225331482
397.82298843828
16.4502302372959
12.8251404354067
29.504417678573
11.3924883872195
54.3107908688911
0.0573205080756888
135.111383162384
136.093228949555
7.54636975633536
3.72051514123254
1.05015593097172
760.511570612705
8.79280260161875
86.0063932812894
13.7697936352396
146.807206655703
132.342400329031
0.163889050570613
92.0857815208724
3.79457812996547
42.0246351200414
5.27961524227066
74.6404902719076
112.316316780541
45.7822187330567
1.93651590644415
325.558053934164
285.083622243095
10.1661422648689
150.88083660853
18.5949941805445
198.710117517473
106.834726470423
4.75738523861791
106.404733107646
23.3934385405124
68.8579239001133
116.037337902042
64.3231784898583
21.7674722749073
61.7401520151488
54.9764576282895
2806.82304779341
31.6145895384365
60.1615880059929
98.0772727483318
33.3825491027896
60.8291223027053
3.59150117447495
357.166199190813
94.6179805010372
41.9616720904658
88.6576943961823
439.767925934395
7.6493412821732
17.5127832988192
5.04929516857356
60.7881617331533
25.057389598896
0.0707106781186548
65.7168911566987
31.8343001234362
15.3178101679006
15.8492930610798
22.6770184236242
90.1207391518984
348.943818589101
26.5793436686968
59.1330179115307
18.8497109462664
64.6246796959934
101.106118797644
20.5231052431654
397.395016022808
23.3966875584387
16.6926830466436
209.106511707832
6.29654360581446
119.432679071596
1.34112023552376
43.7397269388044
155.257948577951
14.1562600918426
256.028437512116
491.115696755717
41.1786761974573
256.798661787745
329.658195582511
41.2714105366209
184.505067933418
119.432679071596
10.3036933495568
4.70865439865406
50.5964114838446
50.7991399399351
92.9332644363459
97.0857917502519
325.118772948564
158.265127997944
79.5344739764816
11.8643223876051
160.962853750489
0.882302047712128
46.7542315400377
25.2144021398896
46.0429393391742
1.56876128303934
48.2856660042956
5.10020672558728
19.1593251975739
9.53724689854515
140.312164858977
57.3295679251259
34.08108457156
303.344547907629
17.2994103548332
45.6455915624142
17.7900196898324
2.1135808862917
11.3496288881161
3.13278706558068
168.231492449893
32.0814976709541
191.897419061885
529.765520470707
0.746096359188718
3.55569149038914
90.4985845032948
50.9694750374345
2.01154898897868
15.060170809302
329.658195582511
82.5829496521862
69.8801748366014
69.8974145892904
130.239451835377
6.98594966898131
5.04908000694742
109.376910374007
118.432937588785
335.849879691109
0.357989898732233
57.854125214836
60.0948950241327
92.9332644363459
515.908762479923
17.3428748719242
0.607989898732233
44.2299574277818
7.29808814264688
79.9247641607515
96.3978797279043
45.7735166831059
48.038234343527
10.3366920448204
19.0677738824396
24.1539928696657
4.48669696915949
26.4072231185214
9.44842887575168
5.91437568095167
3.11160167861438
391.087471606223
0.586568542494924
184.505067933418
0.144142135623731
372.658064519093
6.44011002840571
7.69640051502311
185.105441774636
9.27881424067415
17.4243977007516
5.14434074153181
16.1573997589452
2.25961524227066
20.2234385594063
37.5146952832311
132.575516906001
45.9234372030573
38.7735592951173
505.943759421487
85.5004723943139
134.15599601804
95.0807755769185
590.589172785607
96.05373596936
0.01
512.051484343729
60.919797305196
3.4017448266172
7.18288742691985
291.227223798582
6.93239194486259
4.85565046041623
55.9943563310812
56.0073889641044
88.6485468050774
316.881934584524
188.365736877001
0.710251996763768
75.0307225709675
8.77044910912395
58.1913924641374
13.99081256135
77.8554223899657
12.3059969602494
18.0689596098458
1.70463810814479
305.191601171804
6.15064261558306
61.3403036076527
7.08604220393957
6.50732050807569
0.55
9.67065229812511
285.662933838077
51.3926463127176
65.04090950241
94.0575655740637
79.8347685944018
0.05
263.432802360342
23.8591134194687
439.463185830567
29.6334187572671
108.926806656226
3.46200996397227
36.1402747103365
89.5678291728494
21.757952870848
185.687587521609
94.4644262275456
15.7622041627724
162.064513420256
93.1767620943192
3.67747590725262
59.8156394254929
1.73656609248549
172.562679604931
22.2420572410181
7.45013176240413
8.75393761652782
1.71047217243531
570.693481581238
79.0382481846264
93.0887021027262
143.953245327682
40.1736311422759
276.372125768468
2.16744244116389
14.0997088594078
416.958312304323
360.764583985414
40.355397279159
23.1686938889482
8.01883134786643
126.681995763229
16.9208324623138
135.47078153052
24.8660299194631
69.816577287773
178.944096072505
82.5351757965494
4.78274184221577
9.77122160919669
4.48449026412153
47.8977431226104
86.3059944350615
20.6072872665504
35.9500073171724
1.95351900737275
283.908688960972
24.1460544125601
139.77703345335
332.811750949271
21.3388277403299
95.9969471505175
478.670080817047
62.3028411823026
1.6463888134893
138.234208763157
19.4451408440424
54.5540274866956
49.0508960022362
75.2774849084469
45.5433683750211
226.081087186406
12.0934912617568
111.964532181409
12.4460422741663
118.615142351023
76.1714039523438
97.6280624962693
19.5351886784307
30.0898949987398
183.30025955031
19.734479666513
111.705120502982
85.0988467997596
61.2356356035954
190.035936365777
16.0925466784903
7.97207570666538
59.8882990624847
213.022297947952
66.6758254208368
8.36805248909682
854.371970598827
9.44934528113574
77.3518006282871
19.8668601629856
2.099609930631
10.482337592625
66.0422282295437
19.1871422201946
439.185731483603
122.963742695523
358.339448635565
38.4846774472748
72.7861851942674
4.49959706014629
4.67850381318707
39.5464835464867
9.61527013650953
1.14367532368147
220.351897693102
146.807206655703
120.370316570327
88.4993675102732
2.24667106590762
28.4309504129279
124.416753207254
4.402360679775
94.1644635055272
61.6372608492942
236.900454766058
65.6358668151796
89.2915110027269
171.822380179223
96.7692136414779
7.80862986017112
146.922467092725
12.8169109763138
645.45233738475
430.917843340779
487.402370863013
11.3374264184201
43.4772990125821
69.477415976451
2091.04991197401
12.19753915379
21.3693239145967
47.1194787462771
11.6649006418704
3.12735484533192
122.227592659313
3.72733360222704
106.658946658738
119.125003080516
76.81428447459
1.78011271421147
198.710117517473
104.285970794819
0.430416305603426
86.7526527033014
5.41077987149214
0.0707106781186548
24.9121544053893
69.8801748366014
48.9642121476295
0.44
58.9804044640717
74.1417677965733
208.954811416593
6.70531039611478
13.2672459618078
6.3699934772981
99.3861473428582
12.0830846289117
9.76955985077199
0.933889050570613
5.92913088045049
2.54452403406807
267.655231816664
6.98318254762631
13.8034170087942
36.9976415446546
25.5036713743336
613.983023581168
13.8245653745174
34.7340950679149
358.339448635565
55.1830345172133
3.39373757046903
51.6036728639433
44.8981010961575
20.8103116437512
2.93506899503904
1.28693434175952
68.4001110963102
3.90921604306336
57.3155444311152
11.3233029130251
7.80862986017112
9.65974054589148
151.491623298167
421.065205921233
206.73795178434
16.5838492879767
9.61527013650953
364.444881554888
163.290333386447
61.2053606951016
14.647728092672
24.1222889253511
71.7918485004516
5.90817403969307
0.554142135623731
15.2811067737305
40.5289537781691
487.402370863013
3.4901543410463
252.186920726337
0.01
500.620044128306
1.43557868886356
21.9608504555242
8.18179815498583
39.8916430681031
0.626561252916334
30.2920638763996
9.05849052669181
27.4159896586021
180.265158607191
30.8254296584662
79.8755366386745
12.8563814681467
33.9222978936749
45.7303768958145
198.083287964759
3.88895256446019
58.6780038129778
79.1872477264123
310.417203248919
14.3022359963592
49.507243087364
18.3773620105573
46.6970334754634
284.980827777108
222.090113981603
6.92093110165566
4.16516866901175
333.822428739658
103.149354107528
558.94416603258
507.991459720966
37.2937536063012
356.439583081861
89.2158030105608
138.394235077872
45.4772988947633
60.2790890783295
471.461978965506
37.5077306433477
66.28467390889
2856.21695831528
30.9457267533119
0.01
42.5146249963772
9.30531733795643
3.25137035687927
541.939601125291
11.9385193550358
24.312415279098
7.56336589031699
433.498877879806
3.24282620401931
137.624129597619
78.3958741099446
118.791557609752
5.19840620433566
45.9728297672192
62.7284198074667
26.7192465883546
488.276100819547
7.79547795533557
9.98373448698043
38.6669901887267
276.941719645801
142.476291014701
168.617050758436
289.759866260406
152.271265790057
47.5702326925537
110.920895452987
10.5106815198043
5.80655099261701
637.056729947459
68.749295693078
38.4329025420582
5.40480486734129
50.7928590662155
118.292727088891
11.554910056712
12.3547020033528
18.1941975074538
4.46380246346101
0.882302047712128
2.1330544712243
15.2370556147992
40.8548985911429
38.4329025420582
33.4273159442988
466.434723391871
0
48.3500808252728
9.35008949883716
288.105898373852
23.2932640013207
330.588766471577
1.86225233761252
77.7720159021958
106.531115541867
297.708837536265
156.343990626065
12.5443153463151
56.5297171134131
26.6590622509374
10.2008516288292
49.3108917382608
318.838522851029
82.1880964657065
374.87129134411
2.36538352876339
4.88320361172035
44.9464019010861
22.5069832585533
204.050204899114
20.6497696763044
15.2359219088401
2.93115971701956
5.2285440391001
37.4512370072486
28.009394583932
197.174644465425
3.92344642697002
84.9254134478268
97.4352977156048
62.919786963097
79.0115066138407
17.8661670875141
31.7161736226277
29.8133804374231
1.52426406871193
220.295788935484
9.35008949883716
110.748576765106
28.7031850407195
212.176758192001
34.1874624754928
92.6712898519488
379.954088203066
99.4805251244185
68.0486138392266
49.9950678231012
53.4008164603007
88.2462863198561
346.360039456125
0
19.6692091876117
121.868767191925
58.7470179567445
62.6622192698054
123.327784954534
170.532022793905
120.932103161023
78.7507441580441
478.564657570224
7.77520882543302
256.514094926015
7.50952067775573
53.3844491820851
34.845571897172
40.8848641030346
1.03744244116389
6.78241553720114
31.9641521056242
77.1324190143362
5.5908671344384
19.3881953866369
344.507427364161
100.204151081493
28.0091054518265
70.5262884788265
23.8318298031826
42.6729395341459
53.8597701816258
18.2422026232862
235.201726380341
0.179282032302755
15.1885795388144
13.7835883973154
8.77571978989756
0.793709321564992
44.9903495506023
10.0247989691371
28.3363664927882
68.0298535479923
38.5454380689762
22.3945134041283
70.9851461646141
0.0738890505706126
45.5238726688726
12.2493887534408
82.0629881552309
151.754543698496
132.077397880237
66.7444982401362
37.5707707035775
42.5869383422261
45.0814727353978
653.107728183998
54.8689613451693
13.9818292592676
7.93044869155504
183.30025955031
64.9195031007209
125.353278381163
64.9210225678041
54.4720518277923
12.54651525852
9.74756735062033
80.8522321560164
55.8575794192285
3.93181952996542
602.608092959138
6.91630694907145
39.2501425080965
4.51810889033688
32.9147923978013
69.4004261327974
38.1946052429701
56.1425714684859
30.1372687839272
110.920895452987
5.5022963362314
4.85096025919306
316.881934584524
550.522792004306
94.1261986504241
37.5077306433477
141.002119698095
14.0027436229804
6.59249266818149
13.4532266677027
1.14557605279581
63.6574718003597
3.13396449179391
0.176602540378444
2.41693434175952
8.25733295519349
306.674595616205
15.7197496438793
137.987595896911
63.6617657538421
267.791195028049
124.53586419808
5.47802706251585
11.8795604937957
3.71317797618765
14.3731776647404
39.6661866339369
42.7004411088331
20.9682748680113
39.6043832839736
4.1258954556394
2.36820880456325
1.33143155608693
50.9719312392413
88.1626009441673
1.603087198535
385.370851315876
18.1860790880514
17.0841224678644
361.071588570753
13.7359956451966
14.3460660453964
497.116273983738
263.432802360342
389.347148823136
87.610343602799
91.7448834444011
146.67127478637
79.7335613620918
12.3848012508824
21.0949796544485
5.43797204879186
25.1872436259601
2.3777525737525
16.9058770202625
682.212552149855
26.3604395401962
0.323889050570613
9.10540707910247
15.4863365939994
23.744059520158
12.0139122308189
72.0911451359909
2.06388905057061
0.449292936006675
241.329685287356
266.36756598237
1.9249504225938
56.5938372518683
12.0775087845547
8.29724058997175
51.834938711841
105.434150092248
86.7686262972531
5.04313542935004
5.6149509188272
51.7329476788781
11.3078469070596
43.474813288551
50.6445096817216
10.15
5.86222292009815
94.8616014056235
84.0442186490436
196.430200601861
21.225427927153
15.7197496438793
22.6770184236242
6.95735156788613
39.66642919002
117.988882196723
2.09798989873223
122.038875030094
41.7076765600363
34.08108457156
63.5029973514723
313.42388795492
44.5815479173961
13.2845325602706
219.497603354144
348.915073353159
131.146232334681
8.38170659901152
400.675182885942
1.87288205955511
19.5351886784307
2560.93336883401
59.9148679631305
45.1192482277842
0.454880873027337
154.463021348274
7.68363820638629
9.80329356932052
74.451626865012
24.4203962981853
93.1351965091339
13.4389669883895
401.340428226226
1.98229273824405
159.044930993191
66.659997605446
10.1661422648689
165.930542582786
97.6566323879816
22.8397536225766
0
8.88416538504485
33.1360322065984
0.054142135623731
24.1539928696657
0
97.3199791557949
76.621135093401
288.165475310698
27.4855143116072
44.6242055097135
0.05
99.443267540687
115.974299648889
7.67415255724895
18.8294870866799
40.1488119348917
50.0882190411871
1.14367532368147
41.1874555821986
19.9622526230895
166.842682440075
122.803645236958
44.2249057991339
27.4159896586021
0.176602540378444
49.6186022490323
2.25889026955751
35.8335776686158
3.92388176099202
8.58361361538988
28.1537532757197
372.54175058902
6.74370932156499
422.613954537955
51.3926830613356
78.2721040740695
5.1398936214372
111.37331567588
176.223104427633
39.8614360279571
1.27987157029316
57.0207570595774
4.44647680007247
11.8144202879604
16.7002153758825
4.23686408384739
12.6403111344743
115.67161552223
86.762326398492
3.01876128303934
92.5882648262601
86.7233459278465
10.0883234715856
270.792732083114
13.7230884391466
6.29654360581446
1.86962734175446
159.70554351678
68.0194070138278
33.1392872459348
547.78101844647
156.328944896953
50.4106978441392
417.770867069218
97.6330814440233
16.1372379707782
0.163889050570613
19.6960644292395
11.735213913044
63.6784151191021
138.500816834419
86.9034082954015
18.8634744345581
14.3266527927725
9.07921555967559
31.137545561526
154.617887827111
138.981809846891
71.1488509850446
64.7008990991397
23.68366326464
4.44847034150643
8.71154057838327
43.966804550747
78.5396449468555
6.09817605994901
16.4149339983661
0.01
13.1561844702754
337.165917211907
173.873081027642
8.07376840516985
120.932103161023
18.0132503309967
91.9507365237044
6.46676964108918
60.7407719373303
129.277961683227
500.178127336824
27.4998853102333
82.0629881552309
72.7417829308952
12.6393190962623
66.6758254208368
5.06919513368203
3.75212167799624
1.73656609248549
41.3050539278948
57.0083567308187
91.1022275980284
68.7436887032433
3.86980615209879
6.87362928232275
14.8557149225263
0.526918604252426
93.1767620943192
50.6358428127655
14.6411718525519
113.166549389257
115.876672816957
568.481656199936
3.0778174593052
48.938877794195
42.2973017415568
5.6117448266172
82.183788776859
161.264769866541
67.3107142694491
2.5986614675239
69.4005843496834
288.105898373852
9.43079830218379
37.1885794774008
2.57872723157148
5.13499324117025
321.452874765826
158.564956561078
11.3304428946009
85.3959961738971
66.1054953586015
82.5672422244135
5.47701566206993
3.4909024510393
118.193596393109
365.516549450976
12.3308593473534
88.7483405881017
85.9304529148465
132.819155672321
60.5793599213997
586.098859713505
8.79395642405659
124.284994072753
57.3730272683179
57.0608728971161
89.3456788339479
17.4229109540982
56.1425714684859
462.444749385305
655.058028285982
3.33301270189222
123.395831211587
61.6416702149519
3.5774040639728
22.3803367167903
23.6146601085943
72.2861658337937
143.20591915106
121.664168441203
49.3125371153754
24.7918298367413
98.9263441414747
461.186741001052
104.03546738821
64.2035642277657
22.8261129580901
201.651615044246
18.5580771402362
9.90762155857285
13.6146123180986
3.24282620401931
27.9271777707628
599.574104400375
76.6644803714356
54.5832058318399
33.6238702102218
15.6785112568395
72.0390626143338
13.6624185294966
85.913283155273
32.7703661786348
37.3186683242621
174.691361617341
10.2428836543126
102.326576506371
14.0345986589856
21.4663359697107
0.89287707742294
92.0301136342878
16.3580771293934
27.6352954856223
135.194073423458
21.9193728329044
0.949282032302755
67.4836975426198
3.25262794416288
21.7246817432004
38.1402591839322
17.7900196898324
57.6371183711007
13.8245653745174
7.16177848998413
6.12268242051093
266.51846792993
10.6332301288233
306.289282997207
17.7900196898324
29.9086069739283
40.878480836567
113.442786517157
192.845608989028
6.63164799583832
5.98824136098585
10.15
42.6729395341459
7.64840619945084
12.9982006252457
18.2954773346444
137.415865678226
6.58065232253468
49.3125371153754
31.4487092063304
407.813503321891
39.6043832839736
89.3841949892165
8.65379522349542
94.2052094475681
5.24996518916553
305.4268360526
65.5898178650422
13.9077748631306
54.5832058318399
94.2572994185794
6.70531039611478
15.2356882165853
41.8570263941992
173.478546022704
49.9089123993158
3.87423800921149
571.789525675064
84.8004098570592
64.3496318861394
178.306985910462
5.7278076463163
19.9971740443091
430.520194191685
5.90817403969307
54.0632681818104
229.885217378676
135.679737107886
51.4855634224693
69.4884537605446
51.2415230495523
58.9120881309702
189.31484270275
22.5499001660209
24.1769727494331
68.526890137789
16.4148709432607
49.1547432046774
3.42426167227882
13.7359956451966
69.8884965010106
4.05129702903041
0.0738890505706126
5.2878174593052
2.00319533008538
1.62369074384743
74.0046250501034
1.49289330054087
236.900454766058
81.6728460401871
81.577921849453
130.921969338387
0.424732049657846
39.8614360279571
37.7521149160125
12.162098482499
83.0849845828474
0.415884572681199
0.871630959447959
26.9298209324841
279.005455485383
424.173099158106
11.9270479707821
158.044068706312
2.37656609248549
5.93901064422586
39.5981498253388
21.9209414458564
2.23055214519599
6.41090649029625
707.705393922554
86.7227914313589
42.6217492712149
96.9158176334276
357.166199190813
11.0444806912757
140.998291241983
49.4348377795906
454.953556171377
558.555052308773
227.055659530501
4.3159468189572
354.169240065939
8.13532525737571
14.9037964049772
157.270610778589
54.1069313967671
55.9669279851231
12.2731664493488
10.3403771250123
38.8108337653827
78.8997862434344
8.06668245498893
7.87838560455744
12.7245328824081
21.0116545189507
44.5932513067369
97.4128946196685
101.114741243086
181.065243035632
43.2085877789241
48.8149505091634
0.05
5.8719058230906
23.6916935146239
37.1073285728023
114.256210248955
2323.65425344306
1.01355899939164
54.6827621620183
498.003614578287
8.56693434175952
1.87496500724256
123.683524589382
9.30531733795643
53.3844491820851
174.06834849715
78.0942793856004
10.2476858358586
71.9775021677224
44.5697817676975
47.9447701898236
151.03560641783
36.7373310196994
126.003997843896
6.2866444249775
217.878704822869
946.108800596937
51.834938711841
5.48637920439378
27.7597352498599
39.9163971473118
22.3668208773533
66.9152685038418
7.20075163191253
57.4552766768568
2.4186712768534
70.4982353336883
94.4644262275456
5.20468890886421
173.476087919886
2575.37246706262
9.67560840452151
1.14099583175716
23.68366326464
232.342926899824
2206.13652729758
198.105956177834
81.577921849453
16.2951332997346
8.78050813831526
60.2906171322144
48.168943789622
91.5091493196497
11.6269062901631
52.8876544183353
5.39634111340965
0.197989898732233
64.098743074511
46.6050172709753
371.445129725381
179.425010207329
500.178127336824
0.0707106781186548
87.8751267484167
14.3705590686734
472.132033462229
85.9304529148465
4.18581815391661
89.7823721621362
68.1817684051477
59.5644160806642
2.76371970054943
45.8140129595197
3.82066687158541
18.271246674515
46.0949593134277
0.160710678118655
3.82785972774021
136.418822146077
24.0059380658849
2.99388112035872
57.8687242782274
76.3009588075196
47.3111729348192
1.42656854249492
5.91214748083828
11.1763017059162
107.887993589885
2.02997490816776
19.4671774881148
39.359405334563
47.8321758741606
18.448035039548
20.6694371399492
0.389639900388577
49.9493701631616
116.981827794778
84.1527700851482
566.89169236162
384.573725823481
49.4239781538258
69.1967145091866
1.90396111959304
319.680269530196
72.5409964746555
0.486653640088726
4.44781177178163
19.5748703285687
10.4934228387916
61.7752279207799
13.3643792617241
14.3705590686734
53.5244991094546
20.122036105309
54.1833712331971
1.98770530815336
789.947213423787
88.7483405881017
189.180121477236
14.0771127968536
152.135654415176
12.9276996611031
43.3913100076509
302.648066285799
27.2795246620499
55.8536109117824
90.1293811960419
57.843899501417
5.61146978782645
551.573590522895
319.60707027924
454.953556171377
8.78293415517992
16.8933715549204
70.8556468278382
102.573943407758
4.18581815391661
3.13278706558068
44.2174688339551
278.871328301039
59.763884747668
30.8078552616362
9.24385662338556
406.933676564272
7.41849480823705
85.913283155273
17.618478681718
111.37331567588
51.7884429660559
8.72465876874604
8.38395410826458
725.08506143154
49.297336568437
54.4855044404595
54.8230343189661
73.3122848940212
102.424404865252
89.0942946519465
132.644846991698
138.981809846891
371.980319557785
4.70922151152175
145.193347000648
188.942157455513
0.570710678118655
7.86493127615491
247.351239469562
771.86186116703
39.0876426346819
71.6556271811429
106.912018466661
12.7468433538844
10.4196210750297
0.14
41.6389115484336
34.6249491427527
27.9847500139491
99.1847505866772
32.4400742067434
97.4128946196685
113.957302959394
60.8235864936569
8.90128681766811
0.05
14.74091876106
108.36297262741
259.803519502953
471.696707286647
43.1463256856858
16.3585242509261
20.2869921555376
1.62707735749275
25.1692697596659
104.289944308468
7.64921021867461
65.9716908403764
33.4754949689467
9.48576724744555
10.5262526133559
15.8172507176784
4.09979605260142
118.073245164843
3.59282550358931
2052.08209183314
55.0369857387395
16.3728367226839
5.26156185802343
31.4537406146981
145.401925033385
6.66221411156062
127.453110604349
9.44934528113574
0.554142135623731
445.375443326334
79.1138486374572
1.21084873432516
21.8724444097894
44.2402875094436
132.17885999909
53.7154710456045
24.7650154164219
44.8089389776904
148.176631853898
112.426710893166
165.05547455544
663.359240248858
99.6950181318125
177.217543142871
24.2905295402233
7.46683710960557
267.655231816664
22.3531907305972
269.746195527837
12.8465482553805
186.531117724089
384.537298521903
78.2374869030962
9.05863002778395
17.2805087203164
45.8060628260951
30.396677615604
29.6795201953675
6.21674157937547
10.7674763650695
72.4161546492718
26.6117996862621
9.28107388897854
15.4909394280348
15.7622041627724
14.0449953140143
28.0091054518265
5.59017985731364
122.60702157258
150.5742205562
4.46601385671834
401.512180851837
33.869567555073
11.7632935693205
666.537976572101
22.8658880450865
13.3985264490681
160.700737059417
95.8982712597558
0.01
38.8108337653827
12.3213919237324
2.40304932170804
34.0613787201501
20.5869642807296
8.6865880195902
97.7188283992713
221.696332706602
31.3806240263738
25.1228499738339
107.30836454912
91.8946145019479
14.6411718525519
2.18015593097172
20.3130664426523
13.3985264490681
0.0830260556055697
35.1142978223351
128.733661492344
130.794782944562
41.2705547188827
117.080109802906
1.62369074384743
50.9694750374345
56.6609544798167
71.5273906935655
47.4737403000339
111.964532181409
121.804790264684
73.9492807541139
33.2057968674755
46.3588004161141
122.318184753291
83.7691105168927
42.5869383422261
20.3867565263308
11.726364815493
146.111673580825
21.5364063130074
407.815023365619
110.539841853176
8.66618888644689
3.24282620401931
186.684607582055
38.0194436690508
67.0968973397874
29.7206036736121
7.97602974139459
309.189194602505
5.20227916327467
58.2593909325672
23.4838226012042
120.370316570327
40.4430834463646
42.7385055819701
28.8118353037966
25.9009322659931
173.873081027642
49.297336568437
4.00022580973109
16.6243681843992
9.48576724744555
21.9457112814269
21.9976281295922
221.802173293049
1.74836949136048
10.8364832605843
53.1121413756341
6.05274060076754
77.3518006282871
126.619852728999
112.352749130681
649.523323191318
2.28370932156499
37.0244513615342
90.4638951346376
6.11818442757345
26.6569827469512
1631.5156997097
89.6073301170789
69.0056250021891
7.80530043107129
52.82243860022
5.57220662998791
6.15064261558306
20.8529140151629
17.559912505544
7.11119628030472
10.1498114793794
82.5567736373914
150.377335055283
4.71624006752423
113.432953535244
10.4503790813954
56.9032075995877
7.68363820638629
73.9909832186955
21.2764757542206
30.0922045122437
3.27143155608693
61.8516685670351
450.754157445959
295.730653724931
47.9794081250668
55.2239381707584
261.08853640465
9.96983178770478
3817.66529273369
2.19224820051931
47.113486621933
45.8286295200711
36.6322466950266
7.77168848851618
56.3460334686541
16.669520710368
114.169544152175
23.2357193487274
8.13164802717632
34.1873728701965
140.657515016451
1.98711636489812
53.5632097391456
123.303724269281
0.0765685424949238
65.5089825055961
25.5492792659204
189.31484270275
4.85096025919306
0.402487113059643
61.5197710270545
11.4310730188308
12.7787625589074
52.7844475688522
6.3699934772981
24.12597180395
19.6023816001855
16.9504118219177
118.847807502307
73.2498744723953
43.8196688453356
63.0513859867953
95.4183779193642
5.12040392498997
51.4947462531367
25.6114186919223
47.5603457190876
439.292133298309
103.176066030559
158.274457089489
69.0056250021891
536.71352201711
13.5642682180023
74.3277783605642
6.27366408595243
99.2986824741177
119.061102922094
51.1392465236789
337.165917211907
4.73592485785027
38.1968809714499
488.276100819547
36.6165465375354
8.84050747679738
81.6991032384588
82.5829496521862
27.6898392062275
54.177055644493
18.1380810712394
5.84554729296315
5.63989898732233
11.6175892420169
57.7686765210155
22.1125185291074
56.3149463869059
405.764323012925
4.60104589004485
3.78469014108789
80.5961593860643
9.59275347170363
11.735213913044
87.21106815267
5.44705630111689
30.5445656319116
6.78789977831614
133.504389246639
29.8645378294696
32.0751196782804
1050.15640287713
149.79490632151
16.0925466784903
215.193586682592
569.0444710532
2743.78114923546
39.4163261305143
152.977641079628
30.4325686908896
0.05
46.5314411555749
221.688754507418
27.0086635059086
0.611168271184191
305.123303850124
91.0699472101873
44.4423698071022
4.70922151152175
16.0106399462575
34.4135510714004
0.31
0
1823.37803154865
109.026901398268
201.651615044246
88.841809534701
106.772011067293
65.7168911566987
54.1677107714176
60.7693274666802
6.50914326522732
358.50478759105
82.5672422244135
1.63099583175716
23.2186427882935
4.39038486787595
44.5584383084701
112.319342240561
1.40414213562373
77.9679230749296
58.9578907358532
81.4643480002974
7.2097131162043
162.635700777161
8.95810693180157
26.3275622436401
316.004158444426
6.86999920206015
7.47907873872248
15.2789985846123
48.3856417543451
0.570710678118655
151.927429612142
189.690906680262
118.606312911489
23.3959611775724
3.68745490968435
148.776585282608
3.21309607627629
4.26369511964476
6.03610288535021
126.490387355949
536.71352201711
64.5870834075675
