1739070.65743682
5.74905535126143
174.244792475449
0.417327146452411
21340.8154161339
0.230104280291994
1841.78140614951
1364.41437286784
0.0882833298838565
70.639634383832
0
56.9849841759871
23528.5532792158
38184.0509634805
0
123.380717698574
0.202048526264886
0
5.24254328543245
234.746761856195
270.099807233503
0.11861680657063
0
1988.73150240402
0.670662626597954
0.105907212633951
930.925765145915
14.0990328238537
75.6732524710744
178.320273233363
1904.14475640897
1174.93852678394
93.0525835141508
931.543877074984
290.496041396747
2.71501228563559
5141.64972566274
7.16504929528755
339.159657745611
159.688973669609
41.0378378047764
1026.2334936864
129.025602785334
2347.89298922345
151.593387388274
494.210326341013
48.3688390395264
47.2653689965445
0
1606.6474602922
4743.3015725177
72.7005671479476
38.9753630873386
22.2585176005863
20633.6047536781
656.232563337696
25008.6920729993
232.281055030202
1085.69785778016
82.3269331571799
3848.01148400178
162.839006787318
236.616221195607
8.38061176275782
2143.66230861984
116.686635916865
118.71588688269
27.552481727343
0.001
0.8006106825646
0.501870807654456
35.9539378936219
2071.47020836841
164.635085097964
41.5251199523464
1423.43694094768
120.504286441135
125.811843100248
75.9053115904033
1.30118693882105
77.6738890148722
2865.80666524131
6576.76825303399
192.566077507364
1160.83466248332
4767.10755943473
1.22647071995292
2144.82283930818
0.00130612242951685
6.64418440402494
0.102742711967073
3.66813716072303
0.714600031868872
1844.2917481909
0.378396562210461
24267.777132131
56.3317187979234
1984.88717459301
37.0895129582023
6.31437053284848
31.9356321380464
0.542588841857554
1985.46267632977
1769.06353117018
2.62758938608392
0
2686.08720205194
25.6363564969985
180.023073972085
0.541415697181241
0
3933.74130773618
297.708825741618
1891.57239788745
1422.65109552567
0.00653070226228101
2804.13931760723
92.3032028287579
196.411009379572
91.4099123077762
0
37.5835302994025
1.95284240708357
214.595752907521
24018.2571804844
1751.59364147703
2629.29523259945
3981.95651992504
17422.0377809536
297.178673043264
0.254775091686108
0
2620.02338338364
4144.14767021286
3037.88439714701
1783.12050464257
3.22937977180509
0.151992162445454
38.6120847216363
51.3998110705865
11934.8490850934
18.0370915593835
10.9300689833133
0.078145161058076
0.102768633790157
0.558276910839869
4609.33423740595
193908.136354225
41.1608236519666
29104.6892850992
2.0439305661207
51.2083658470066
293.068023802711
57790.3128636575
18019.4715895142
104.096203676262
0.00932473255153404
67.8580631581282
3.7338315709322
0.001
20.9763520242689
1041.83558630843
459.175510219099
328.235903357784
20556.1782438335
1942.5678558498
45.7158511680564
41.004583912128
52.8161449775311
87.165349559241
202.883269564058
367.612171105107
4.62827950795022
4166.73113798692
0.001
2.11351537655362
24267.777132131
80.6578119835235
0
3381.57370477542
129.329569474045
1854.61472391249
1872.58325878366
2121.06176851441
2.88574878765796
115.346856012542
391.103884503265
1.23327893954108
36.0202144345857
1026.2334936864
78.5988490719539
0.100100611565978
5.62282402427934
176.9840114178
78.207935888797
202.092900320708
1462.83640242241
2076.1857214389
82.5234329548544
242.759295666089
494.210326341013
22.6947686097788
56.5845197598862
240.070355020719
183.716424135731
277.132439538305
56.0526424817065
0.347580881307442
0.609534945727237
2270.33278088195
7.62070584922892
2862.44193744885
38.3323068536157
3580.82507305775
3085.3435132365
2557.21428849167
0
0.266537607411368
20736.1318113774
0.201592788581489
56.0526424817065
0
0.957768681489608
0.0273411138363811
0.266855968608955
72.3081553760601
1.13513041585393
2751.00928827504
4.75558276937092
17.2306520841614
3278.57502925177
8.00866309166327
0.871445098984401
0
5460.12786123204
0.0811801040595015
336.715615985133
1628.3912096794
0
58.9662722984975
122.735387872098
0.0410550355692336
196.07869180326
247.523690372448
7.24573863195358
115.885648507604
0.585055843688723
3913.67269242501
80.8669759768382
1323.06915683612
0.001
1050.66153044705
33007.4130404843
309.120914873085
0.539712570575678
3111.67346249067
1.79309854547087
18.8589084698974
75.7437968019012
92.3048905711695
0.0610188882925485
1.5355877281606
5.98751207248601
39.4977411673792
2699.13793662151
0.282881686019205
131183.716668383
290.17193569747
4.10153597905055
0.00380176239968365
2259.95398429549
155.314361773658
0
45.0852328486556
33.6125565166162
0.0429052909523025
135354.364755628
64.0701747110688
1614.08285083116
60.0897110778109
3.00308519575225
35973.7010503977
24161.0186430669
131.912890402161
624.832623468553
178.717657500636
29754.7621526783
170.910667498132
66.4281051095886
22112.5493612364
201.586412880151
0.161177047206944
1910.9209382852
75.6890108887721
135.774547418341
31326.1540404491
208.909758519924
0.00216084847693161
0.125790647038154
89.3595292465616
4341.42620196405
3343.2808402722
1461.3111091948
1172.03253245773
2454.00752154537
175.498454413866
0.124491950526948
152.471918463408
39.6150049580949
0.363376999526641
9.95120433796421
166.227079068129
86.3536142549586
0
100.377831210046
118.822058269764
0
2.66531464967201
69.9625612531066
0.445018473511278
55.3900687266795
1421.438492765
1083.94026744672
35496.4575975087
126.572264845649
278.308376994758
75.6521532791176
1636.75350903588
0.0173878440384643
0
1.06851553864453
12.1472696864416
0.245747468025808
103.823766641425
2344.17057802467
0.001
0.239780159082185
0
1367.72077073401
392.650706701476
4971.27785087809
242.204998038626
48.7236396515555
1195.88050399592
109974.039277619
4.24326460504052
137.01223640225
3405.92230572795
161.371238567095
55.5263605746322
2.97674454594758
54.0819268596363
287.422448823389
31.7410796546434
0
1092.3261925559
23244.3897247058
0
60.7499594195424
0.0753517939269434
13051.6838408165
0
6.3117425520588
0.00923157670297033
2420.12985258707
1043.28964065471
110.402477827829
37.5647455516249
1558.98873184428
310.88291349607
77.9239021181578
0.0917324175217462
0
1475.8781086986
350.361949392442
260.812126318939
0.152724451628423
0.00371248111224537
49.1274327626196
43895.4388032299
1053.27850854493
3.06578768930279
0.662120720845759
3564.02336082731
2697.5286837636
0.0474258332346869
1.02113769982593
0.417180171267567
17077.590515504
3150.99420548503
1885.07069797085
316.264502307284
4.60261748693748
0
109.79551981631
83.5312739905886
10.2252205135168
5.12533254109527
0
4606.74740034258
0
106.838022941666
1611.74238324259
0.864538207361804
0.376575122302305
0.17545558903707
15.9689542980414
11.7881693857477
178.003384080048
176.226289980614
293.113218186999
122.735387872098
48.7876214458225
231.797153636372
0
203.58189455327
0
2707.54078860662
229.559805759727
7.70356630775942
60.9721811882489
109.295847446215
0.54593496048219
526.95362532555
0
8.97923169219534
3809.47448776949
335.445284643441
60.6979511746849
0.0335278855316163
181.626072852171
149.261864368511
1045.97276845364
6228.20915522545
56.9986914054225
0
0.224223343159652
72.6734615533034
191.967507021072
70.7674054444914
3.58165339338686
43.4810201351381
406.150445497016
1537.91045583912
1.10241313646659
0.102742711967073
0
0.392242990464635
19.4113267852459
6438.17864534444
1369.45944944332
83.9307956252455
74.5645129380257
6888.89298949317
17.0838582991237
135.111270454237
27.552481727343
87.3933727826359
58.1252076027757
181.051403333193
1651.76819214181
1023.93457095255
68.6077608163488
97.1007748104307
201.567236184739
50.8237072816879
29.6275791844216
252.808625275486
6703.68380690425
12.0500372922023
0.227763149960525
1206.16343449548
108.595947013904
21.1873087726018
171.105053116929
20.3238333808609
0
3875.86373433959
0
6.26843321747863
0
1709.64331572939
1636.28982361343
2224.35925917105
719.724348476181
1549.03193010971
130.410135963656
8.82658984448883
30.3521873031104
0.0433676813156672
4.33104533947773
0.304401748310546
1833.78091213269
0
6390.40534330919
335.65881943953
19046.8306796156
1.06513788275804
0
0.363376999526641
3.45960550267965
0
2431.56949241439
2.76101827570866
3206.05409133805
4580.3049919004
20.9763520242689
274.438520485267
264.793417795936
1823.99666165233
2214.12237814354
76.7358539417992
2.84719849572891
0
460.043128924285
21.8684981066652
2310.48287543629
139.540397705342
153.211949847346
1838.58699320273
3904.81190426175
151.982893243136
0.14931004313679
4.81080670154779
0.135789619542777
0
1.38508321850338
352.571278919876
240.120645179627
3103.693207551
3060.11637600862
931.619641418529
1824.8564206305
2046.72336761571
0.001
1.08382693568028
43.4633568731903
3111.51117688975
27.3949185730014
35914.8122518807
1861.19123552499
127.318251339265
178.717657500636
16076.7248997086
2586.9821194395
70.1090870129518
126.080658307209
44.244677033825
73.5403937691245
1062.30346165893
2660.53869795397
0
2107.54233811797
512.05207239489
26887.8419260945
0.0516028595905776
150.848734302662
107.090935506771
17789.2144492886
183.774573462272
34.4159015932233
2335.29498343059
1532.11973332348
1018.98119264012
0.0122943542371981
1197.01261091665
1270.20479075238
18049.8902674117
55.2257390954578
14.9159256284781
376.454751477578
3316.51895902879
4.92457553556737
1942.5678558498
171.958159672338
49.268075108554
74.6767840557436
1440.12150827193
1657.35908618219
473.908571971296
215.322642574283
370.109509523434
1243.16947716712
18.2847432635222
2821.56915818385
1389.34354338374
53.1772591763463
0.58944886398276
0
120.327836632447
17720.915107999
98.3747914880607
0
1922.40300648198
21.8415548902168
2044.22916192727
68.7866310946511
71.6224055803164
1.15193575902156
2293.83757560808
0
13.1284286001385
134.586269005723
109.123991075979
0.386785469231633
136.493385742076
0
25.3771672761919
219.227907507139
117.150603908089
0
18860.8160946881
14.4444199881534
27.2767149134695
15.7823733361782
151.994085345754
0.0428043056569436
29558.5692310884
0.001
0.001
83.9328283035513
0.190421453506847
1232.85660649132
234.497733692641
45.8016063765149
1655.53725880836
114.150501661912
117.23623830803
14.3129831841935
205.775958412167
1173.80936829767
2675.0405347712
1944.7971650329
3236.67344022455
0
3.66660891897832
847.9774179729
4341.3819656139
1920.67377346209
1261.69610203011
1.23259272626185
19.9769432909047
1962.72996234212
758.941424859165
1.10198033048832
21.4298781061153
0.00382202190504137
1672.97088390192
0
90.7502585107165
0
0.0608683496447291
2504.01982940465
0
2221.64218908652
12.9517592546061
328.878538138123
905.236451829683
1250.61605247576
1417.27471936632
157.115952708528
36.6842805998596
157.814913510716
0.386785469231633
2205.89106987342
84.2352361309592
0
55.9177578120971
2121.06176851441
28.2947076883745
1877.08060433346
0.013506151945736
3479.47530436368
95.2756190645416
0.666094795305558
15.9799261400516
289.732376763056
34490.6347144274
3.34065316765349
1678.51291482691
1134.54172999332
9467.03674174368
4.68084567250374
111.816898353197
169.270055959009
3672.17169302276
1689.86634654552
484.91262538563
9.35060767074597
0.333009230975907
1554.16630377239
87.324860866185
75.4364715658231
3007.28324233347
90.0657403107467
31.6632888501942
12.4149136078786
13320.4433115548
129.221398294665
0.00382202190504137
0.465868349644729
2422.92711195894
0.123120151267854
841.795485241758
5.78831547715807
5430.89230878078
2539.55243886454
3375.1155483957
30858.3755091492
3750.45728061838
1385.65516197077
11.7927155636288
142971.417067268
176.122805045095
1398.63165058536
127.174805453039
21.9255229754069
85.1138669438558
349.634377774548
29.7904637552479
1922.1894517576
0.0701965621992668
2503.71538485322
18981.908628766
2.99704581019301
1.49123098808676
1.02647494143452
2697.5286837636
1049.38094208789
96.9237877675824
37.5647455516249
10.5107472551966
412.567861965151
2715.01537383153
295.230147556158
2767.56197639715
2827.67169618298
27.6136336913307
298.92994860259
1760.62345618794
0.0335278855316163
0.00216084847693161
7.62070584922892
1210.23070483636
1636.28982361343
2226.23349635825
11.9557863811577
1143.01868296166
12.1518438794168
168.276959273057
33.4592736978763
665.758628704074
76.3967765304979
257.180833509978
1526.12117565896
44391.8235821293
0
925.291453402014
0.125215861597153
17495.8310016661
2121.36301021987
27.149189771475
151.242187882954
19480.6104133198
2472.65416192815
7.76164206010749
3367.86715117362
0.0736193894342637
265.573389918451
1736.48826223886
124.445835187407
193.184241082663
1975.39280389587
3187.38057827926
1801.05951747342
377.777859831822
3456.49123631352
0.557529441547965
0.129775091686108
307.596025327406
2333.08941730616
123.582155884305
0.249868349644729
1257.57459654794
0
0
109.185151760777
2193.07310511319
27.565933614471
0.808247425267647
91.4998440253258
0.125215861597153
69.7044798643607
2115.85616425317
3.3440480187912
0.001
3.88342065351379
168.276959273057
264.329601993192
2166.23098056965
71.9643483876192
4435.80827257268
48.5092635655432
2798.97218266499
1237.61421781914
18.9398923876651
2.50453748175715
94.982657177834
0
2676.48041234077
0.237538067784849
89.9163911046039
16511.0144879594
2.2975320614624
0.00192755406445684
5.93207816510626
335.024817493114
48.7908875661629
66.8506060813927
0
60.9721811882489
2.64769189552175
6.09187121905344
0.162785110029375
546.04728180716
162.353239997109
13.6327332854848
293.094720393667
3244.42792345142
171.485936411689
144.810653900373
107.940201705452
5.63538917661119
33257.1659793153
1297.47613897212
2314.79819348472
2.4002631569032
9.10800298027052
0.479086972845111
210.607776023537
0
19110.2660447306
1926.71931071498
0.0162972278197173
43.6296432091236
2403.01237704533
1.01442304434659
120.635966174734
8.25469676975399
1321.35257962102
0
2.53411770665627
29214.7327845046
2795.38664616902
129.909289037428
48.4074785315472
172.64259103218
4332.05637677241
0
5868.21774319997
0
2905.67918467965
0.803475113982746
13.0622286459646
103.307596209231
2084.44392967434
26887.8419260945
69.9192369642969
1371.41381336914
1497.41436752164
371.095330636042
1.45390243769495
61.2934310435297
0.001
0
0.141023301054144
24.7109448290572
9.98432534907159
3191.49132022624
60.5274094111062
4.83521895484524
11.4928701858493
0.79139819632228
140.275888123786
0.103687840008011
142.457198439219
0.649144113628026
0.009
168.614800409987
0.009
0.00375213401079977
119.020992482143
1402.72686528909
1431.80366164939
0
4.74039584569533
3044.08679596196
3550.07075130352
115973.975972357
144.019309231254
0
2270.33278088195
2309.57201077721
2.64974951733208
38.8236730076574
1.23327893954108
0
1697.5685934312
301.349889636624
0
143.322667809963
2312.59988510416
0
2363.25252247018
3111.51117688975
41.1817282362186
0.009
193.688797123556
52.2537954741863
134.471287555135
25199.7061587932
1423.57934699129
162.841792046409
143.906787069243
143.34786825682
3699.06853579742
14720.1033939152
3473.4939483585
22315.2051832698
0.646765296668227
88.6349573293361
107.653787701578
20933.5087709287
10.3908543506674
1278.51975534136
309.84040999651
297.548615475382
2.63284024621075
352.571278919876
1.30406864850899
2684.01554654215
13579.0497103533
14745.3689969005
414.604685090623
20738.4045279938
637.526449048152
5472.37973645488
3428.18253129386
0.060233927359846
0.0563567138335315
1964.01049307728
110.036076016696
1.04566551070707
3590.67201740847
948.687698787006
91.4998440253258
45.1497208235551
129.221398294665
118.425073561639
4089.09374854664
2.54492612402402
58.8396692191735
0.252342467989031
37033.0091881178
2769.48715354059
0
41.0504793126354
437.294216939536
1662.67261620023
1969.23514361001
2744.80991717995
0.144175008886371
40.0673223939496
652.776882501769
37.0895129582023
0.377581563492733
26.0601031264624
2094.66871267164
53.1772591763463
3252.5229831771
0.889323951099446
49.3491653376359
4.97738326509888
20.829647265216
0.732965514081366
2725.41039490164
15.9667208632858
1728.97010148725
0.489129376054786
329.712082112924
0.107025806156505
271.753302187666
118.996274000931
1.29294019730342
444.403009614092
0.312597146176841
2.44808660384912
2404.2330719034
206.756975843635
87.9112028321913
0
266.43668124855
1.95261551232718
0
3596.47336058811
16115.9180720835
208.242330719255
2734.063985839
59.8206521801417
2144.82283930818
36.8344517516163
0.00384063383303351
28.5405615277805
99.8607816111394
20653.4539913595
1008.34060049253
813.968338926511
0.00192755406445684
80.7314657487754
0.0397680589184995
13.1509488292127
1793.97085337271
149.599002342221
2.63575507369691
1.56462056737698
164.469872634417
0.976509989878885
381.146637416649
122.510400877857
6.76433739738421
4.54940499129689
0
284.784166783979
43.2289698893828
0.00967985780363924
137.069510631581
80.2664639256975
1960.05785329177
87.0316326031863
4.62329445110213
0.036
128.310918337478
1.30406864850899
206.465755290255
0.001
3558.73750651419
39.4257270308644
4549.60674523959
0.001
36345.8846475479
38.4226241317684
21764.46313202
0.455921701629118
86.8025012789094
124.445531360995
247.70824323666
748.26871403606
89.6589019315715
65.9637265151354
20933.5087709287
155.314361773658
0.124527885531616
106.838022941666
0.877710110804955
144.749850229379
201.260180466006
0.239780159082185
11155.5308698997
2818.67818057331
0.0605278855316163
5260.53586117762
2473.25971658633
2450.68932247679
3537.83595740766
1296.74548994406
0.205104400126839
2935.75171129906
6228.73179263388
82.4056030387725
250.904680180488
96.6289744507031
37.8421484624561
3229.13434110571
129.454679133528
1405.77144632239
0.150568121362364
1739.35428711018
0.57232596896734
0
2869.32006216046
931.619641418529
0.00216084847693161
4.13277696731175
50.9510012081622
0.108091710568398
323.512669090063
271.605040759432
112.206575465791
143.677457312757
218.540417529594
0.0606844077036584
1.27273790825242
114.778429864512
454.641840902378
150.378932712108
255.482015402389
145.481019551844
127.985634942261
1922.08699641173
2794.34851997021
2530.24421382571
0.0859573259177917
45.7924101816236
1.33598088804871
91.546174610386
0.570402549862907
0
2940.51641113099
73.8027596706635
0
134.088278344716
69.9527318342494
31345.3247177993
31.6632888501942
84.1697545252913
1969.98030788215
19.1088127944175
2720.86172183211
10.852179674549
105.55967724541
0
96.0669865346632
790.908599476266
21.4665459382232
1.2194110361808
72.0326560669785
11934.8490850934
2161.53246656638
113.034619962045
46.3127102866428
3567.45189932272
135.514855944876
3.51705926686286
135.439046794626
2.27596432535368
150.918545855626
85.528554850244
2.73523242041882
110.521882583959
2539.72301964558
2.40902392781576
2200.48092113265
94.2813621924773
112.918580010042
1853.02406525246
159.659891045195
24.3185602532035
3182.82536660698
0.0528730611225606
92427.5788837707
57.3560498912707
7.62070584922892
1679.64313069525
36.7895886839799
86.1695552921654
86.1695552921654
2037.94636806905
2675.0405347712
94.800691231872
166.604019022041
2304.91293794222
9.01196169506373
1255.67439815468
2.63284024621075
6.79209996543389
193908.136354225
3.1012973762792
1530.00109767142
42.1895107124365
1989.62651001063
1.5685320614624
2189.85128436112
1598.86101609194
5798.88357349983
126.789147764405
4331.64108989216
60.5274094111062
0.835389840045677
0.0454464693427936
259.901520192496
15937.0132612794
0
0.122526184309346
39.5328590520125
63.7981822933882
0.0894826005743013
55.2024084177197
1047.09132195121
244.314379540251
2463.39530661164
0.269565945648246
239.340298493936
337.811693676378
35000.9149068155
45.8552484716665
142.537094679289
160.679628594316
0.661778342935886
0.009
2504.01982940465
85.528554850244
129.329569474045
96.0687516616587
69.9625612531066
34531.627853864
68.1119919250562
284.478991096205
0
209.168089323404
26958.9466159168
1.8505096943131
2270.70508490869
0.589716604578255
268.770426726309
145.639582280696
841.795485241758
166.634795776793
1279.00044879831
563.206752916003
1398.63165058536
336.453094967805
1197.57993541013
345.692407931458
0
21002.607645061
1.56491861065825
0.105680525344492
43.7609553142995
45.1345778679449
6.41020357259922
25393.5640559049
5900.32381565308
6243.42048915714
3103.693207551
479.806529259196
34.8345959746196
115.410978727332
109.177782073146
0
4.16042558049748
2961.07195185312
86.3397848258698
575.372327034334
108.296263051456
1.2162834183763
1.37840330216909
2498.23233813006
0.0609183726889011
0.140762820381823
108.282285794639
5.62282402427934
2937.21279594606
11469.6058599263
18973.1141561208
47.8050422593182
114.356049334142
99.893586063115
0.989496386250761
113.169103562572
58.8282896611023
27076.8075776382
42.6808865707545
3723.84722159486
2403.10810213131
1389.34354338374
0.0167594301860637
69.9840386688159
22.5286634025646
9.43415260943947
14164.856834137
0.944090291245022
0.0397726277325534
0
1855.78730837218
121.1719796368
295.682466747515
9.04416613310057
2931.24740229184
1775.63472480585
24.9789597931387
40.2607608007405
0.112345092515767
137.331511918658
2336.43222904581
51.8611542052421
128.16023135793
39.4319191412473
0.009
39.3566414463826
6.14964369073451
142.457198439219
2383.74214695705
89.073776527539
763.903165503391
19368.2240451164
87.2625943388089
94.1802905469511
13320.4433115548
94.4028703209319
412.007570083323
75.2262691445457
4047.02391675334
76.3967765304979
0.140244371912895
0
18.9933865404357
107.131099928919
4002.47241825876
14.3547165189697
0.248362096902027
18.9933865404357
0.0565667485164361
31090.1499950977
2526.97107680052
691.984983484456
0
0.763251203495605
23.424628103338
33950.6971351086
4797.02103746164
0.001
3.36172311401544
1390.88335213401
9.31722628536543
990.274030667041
103.281247042852
13451.8467626062
0
3.33351711383449
2911.92585871811
198.436144259824
14.0502540683508
0.560043373656621
66.691705071876
253.67191333572
29754.7621526783
0.0443544576511983
1690.12356771674
620.773825793471
2.06035300840024
95.2774378867046
0
116.594993677367
2566.66377927286
0.224491530566974
59.5773667047062
286.727777387228
0
1521.91198742881
3001.35823628804
110.014646779549
148.637839239683
0.009
3.58165339338686
0.0653949184157745
2890.94880609856
17563.420055056
0.200085084189472
2736.8995402607
19.0778974472912
0.0173878440384643
2030.05655736774
58794.8151324208
299.950509841579
0
2275.32656630596
0.0429729316789789
1278.87520859834
143.003099014652
43.4633568731903
0
38.5945707547855
3645.16665697714
0.210739292818693
275.485159892758
0.00128288991917064
0
0.00382202190504137
392.226732627293
0.442591565461087
47.6755621959628
58.718626587366
67.5845565637444
91.3158454818249
0.00989469332943553
100.138310315213
163.821478435214
1588.31195709542
1.51326522872425
133.552655184062
586.658865777349
33.8965718136375
1.66155735148698
117.587952524864
0.151992162445454
9.3873845573278
0.588631658658709
1855.78730837218
1957.00022094409
0.001
50.7881411205397
1.51326522872425
172.311330316153
1800.63556710912
4.22538350719126
0.199670816445643
202484.355134502
1254.14430885062
2337.11781261976
103.154689335518
3564.76087406796
307.36267662736
0.0474925706680541
1622.34851214147
39.8882267243739
1095.8565417169
0.217406323360071
0.00375213401079977
2757.24054506378
1810.67234795261
1.51231204180517
0.0494801347556093
5812.5124818604
1785.78231314537
526.95362532555
3839.93134750495
5.60555863559465
434.664038856965
131.45272653555
2.37263937921193
156.314916703166
4099.31512463169
143.833771630284
27108.173505267
1454.78716559589
2827.67169618298
60.7499594195424
328.220185597293
88.8360445698617
33076.3716962695
0.001
4.83521895484524
189904.134574052
295.942439625559
1018.45432399147
2.36882321392485
25.4798128361579
141.103951383846
18424.2881354865
511.250040620718
0.0564356925511939
2.05973024526931
1.00908078550357
98.1919063120976
0.00384063383303351
137.637305001508
0.988605911846158
89.4789515322546
0.0510364082862014
32.3426310735142
209.886459589353
101.425817774634
2879.50647591863
13.9646916025247
0
87.5728783385269
1645.03963599662
1662.34412208777
0.0651982659356404
106.930794125328
19.9017598435479
32.2727571775811
4.81040720599281
0.0805912391162849
155.879905369746
26.1831104435139
74.3327774347856
2257.46823985154
2905.46964016588
0
6.31862859045864
19368.2240451164
35.3923994981353
0.0387266708869934
431.491404659525
0
25.1954102926444
23795.4879097626
1387.68201363708
2140.34327572216
0.611475639792419
154.778333640474
1049.38094208789
4.56179174967954
2558.81738734472
138.681895508968
6.81493937568795
1.1371055799536
3785.36720315684
66.9764740220414
0.036
0.155019335325103
124.107843656617
0
2.24695059461439
772.075248544896
155627.893175169
12.9122093185978
0
75.5738590321128
37.8695286138045
3308.70506270017
0.0534870247865488
23.2983608871763
1431.80116236807
3.49889994844763
0.465732348514939
33.1790849502231
874.763200262158
0.932343666367499
184.963328929313
1150.1313783118
2163.12206920005
2.38389432403891
2472.20950856623
23.2983608871763
0.001
0.0399222117877064
2289.29693503653
71.8152795312112
0
72.828524068023
1.98443798887955
75.7024538473897
28086.4154875299
90.75810363419
61.8194412887992
124.122089096344
72.828524068023
1747.69456107968
0
3755.39133108037
0.0605336792865061
88.7221086663507
25405.872913339
517.982760540983
3.81894221131166
19.3527031577031
4230.91743018316
26560.6288869061
0.875366144473415
0
4910.22077077841
1.45471024159079
0
1833.08926559818
228.101426889088
19.448706476947
7883.01218103784
175.588440232541
237.57766694572
229971.717477796
134.281110385878
1371.41381336914
2716.05452440921
58.0021638489396
908.51691634995
207.661263552411
116.51623923768
16949.8794269704
35000.9149068155
63.5752413855566
2158.4788723104
779.413032328209
18.1685671433407
3363.56323343562
0
0.0485568051708755
0.375163186544419
1887.23740845193
2385.77618642791
2347.45805165956
0.001
1944.43568037906
29504.4292970985
0
108.595947013904
1.39964875695242
22129.9336028735
6.38274510631112
16006.6492426054
0
0
23.9231280359134
27.4555668897554
1902.72108074243
1.05619629535905
85.8378153436801
2528.16822971938
43.6073356101252
197.79446627091
2.24695059461439
0.140448644554863
77.1997026785055
0
1.00655490898034
111.253376147622
2108.99368326949
43.2972282711077
1732.32817069095
2593.84426603985
36.7470431598966
0
138.681895508968
143905.198657004
2787.84333987643
135.238669467362
2030.05655736774
0.381755911085993
3456.49123631352
53.2103429076302
2572.51710793004
2505.40266697351
20.3581070722371
3913.67269242501
3442.41648419198
3.66813716072303
323.749213060939
1.01122733821962
729.218199985801
264.647643786253
0
1.23269536479028
22856.5180069969
0.046162282621911
2273.30880805179
133.087916723938
2242.48412983343
144.810653900373
2309.57201077721
78.4867477956989
61.6679381273863
68.8556380501775
905.236451829683
1.99365818585414
15339.7679524486
1598.86101609194
0.001
1.16540982329191
54.6749377585733
0.241076449485693
1573.86354514867
75.5644455902099
3.66199794817467
4221.89846359007
4281.79493730909
1521.47711450573
0.011774506986557
142.581800348779
14550.9434295309
0.24032297283849
0.0172682058179181
28.8747399406587
166.604019022041
0
1162.69720193619
2.05973024526931
0.229359665721322
22249.4482899115
43.6073356101252
2232.61942762919
0.0111935387864803
55.5263605746322
2699.13793662151
0.728038196400958
813.863692593438
1973.53108188006
32.3426310735142
0.001
1128.77706232608
0.283552407439705
2525.53289043574
2884.59218686939
108.595947013904
62.0973787337518
5678.67633890512
1.67943070402817
117.964402835007
107.760102663873
117.286208640956
0.138504754597983
205.891282065514
1.11124203841438
4.34949102620817
1579.78135287147
48.7014146118437
125.064211336304
46.2160820473545
0.616877846339311
35.6392051168286
481.405557995178
2169.27016492025
1225.22697285406
0
31.4109088575512
0.00653070226228101
13.515238015628
19773.4205042438
117.150603908089
23.4930328882366
45.7482374589155
1.89407522851182
52.0089008185513
5.87271375665815
1.05265744185253
2785.92030107147
696.129693867804
37.9518885422968
197230.01751415
364.674397309022
0.140448644554863
310.88291349607
196.544199507549
39.6150049580949
5265.82920147303
2442.48519324834
0.383590460691512
0.0116855904390436
0.297183373017589
7142.00646562071
60.928438187435
22517.1300056834
43.3038023642587
1745.22018910019
130.652908828501
457.919550851955
171.410350556846
0.884163044273859
46.0110583807973
41.124531956659
263.0534831969
173.61110068354
1.07133231635107
3246.43533542441
117.587952524864
2370.41480745498
239.938553145945
2950.37667102941
2430.50831481895
31.4344746539202
0.366896517189211
0.717730835632121
0.197114416556049
2898.18265815232
3.51073497480566
79.3741195533597
4047.02391675334
117.769010758405
112.522855369521
44284.9317745912
80.8518944232579
339.328357589103
3259.27744399864
1766.81288821288
0.181205456796726
22421.0532013189
185.036142119537
0.0892883277389079
0.0990653370716282
1843.08369780942
0.001
82.7915004662349
32.3157706061066
1001.29272746773
309.120914873085
47.9788565132447
3024.77412415997
0
68.4243015175612
22963.76599678
119.136513242578
10.2511020225154
2397.37522083733
67.5016278477356
12.8614130571209
1715.21989989172
6.49960911133632
250.904680180488
0.0374012394866128
92427.5788837707
10.1596862779586
0
2339.67891246216
180.023073972085
2539.72301964558
37.110691464558
0
16953.9566941938
97.9312209521329
69.5635491352168
448.69816701769
2861.04871309293
173.779320968966
467.315289602978
934.758008188691
41.3658106342809
0.079254974797202
430.434419521654
0.853928107505961
20.0342311343114
0.113617430754431
2006.71503500616
2.36112098441663
1676.58303018358
70.0499307678149
13.2073374331111
0.001
12990.6166623916
2.20508277029605
4489.26202131198
107.636015548652
1243.46760284357
77.3107982463391
162.841792046409
2247.77135368664
18788.5907974198
0.140003605155437
28.227842885825
1.30629689385234
134.385918780399
4814.70638875892
83.0499049456106
386.84985737362
0.0685198333111082
65.8257071752563
1367.62053123151
6648.45979350738
2.02083695335885
8.36730343578404
22606.5932555651
1877.85421711797
40.5531770708088
0.0937300948180022
4941.16576948166
0.603957259958074
0.001
0.217406323360071
1570.39235908053
0.0455603316002893
7.99546300308328
1454.62480393684
2498.23233813006
21.4298781061153
3402.40961211218
2.48006000107885
255.224826302775
42.1588030364404
14940.0368362002
932.956130352788
167.337282053298
57.3095354572783
0
0.526937539987572
19.6758185984769
1244.33238393014
3324.57818152121
1405.57423223696
0.989496386250761
0.110857842956801
18338.0477853905
1825.67922708309
61.4757776914377
4.00755780465382
3153.08992681745
0.0734966096506862
60.7499594195424
438.875284970615
0.39762161477082
0.0351793095181916
0.104287030539113
20881.4325695775
2422.50806134487
143.983472551238
0.009
54.749131639804
1897.41719372485
0.241995792624068
0.705194653034318
2970.58503555145
0.932343666367499
0.162785110029375
197.79446627091
1.01442304434659
249.321020726613
2840.81208464812
173.876582795259
2165.4894720789
643.533320362816
0.001
624.979921584728
76.3967765304979
262.400275690529
36.0701647309401
3.56371825231883
2178.96833732867
107.090935506771
228.008416014459
463.814830829632
100.506238243146
0
1944.7971650329
2.4872677626093
0.228585524310483
0.237845106390338
156.846843666682
0
404.889409323054
36357.7423409536
7.6285719249934
71.908914816956
47.9788565132447
11.7440208903269
3567.45189932272
2336.43222904581
0
0
494.210326341013
98.9741187667746
41.6140428426723
121.213007682351
167.310599296076
2661.31946923657
321.344862451181
2272.88180245021
1017.94634480161
5120.31297285151
67.0883828811178
89.4195005567868
197.483875315686
4930.20931305892
178.694855164018
45.7924101816236
1626.52329876494
9.75767506360393
6450.87859204657
1018.98119264012
6047.01072725879
1664.78135284643
2196.90770632979
0.387548653511065
239.938553145945
17495.8310016661
159.659891045195
133.061819054119
152.534973440042
0.00384063383303351
0.476210864222483
36429.0663899166
149.261864368511
0.236327785531015
2751.0043483511
0
1595.03643669077
183.579093551384
0
0.123986795984496
62.8391937654785
1147.4284549315
200.499858327617
164.363500174405
1400.30769745278
107.940201705452
2.36308642473789
1989.14770016039
0.175712184818276
25393.5640559049
6.80293829701379
63512.5268527421
0.174970621307143
116.159782419099
2981.613471357
116.654573270034
0.0662235294692988
3009.32329189504
118.205253288446
59.7677538279125
21100.54930299
24624.6118379534
4618.06128972527
0.882929394059757
3655.96630526126
0.107016200167176
0.265893940967453
0.0118220219050414
0
3185.51933008662
27.9200740999917
0.001
0.752208994934916
58.7640800976609
3133.34963102307
20881.4325695775
458.145643510659
89.4789515322546
6.41878741613724
105.603269917339
17.779884475379
3782.15017012204
4.72270814011772
6.92650430274044
28.6523799252294
0.0429729316789789
0.144066491046878
3442.41648419198
0.481693252352874
3883.90318231555
119.526438893492
0.24518357870755
0.254775091686108
0.366896517189211
5.23507045012305
343.713351157766
1910.9209382852
357.086096887303
138.108342468033
0.0387427119670732
0.0738517643173404
2027.99463402763
5.87271375665815
175.859317440339
2950.37667102941
1760.42642602803
126.099883044981
27478.0964592525
14941.4988541509
101.425817774634
45.072536535855
41.866303117324
41.3841785170069
26183.9172599754
3.1659530790967
29.6275791844216
68.2655247977253
109.426619657267
17.9188650679679
23.5511016177185
0.17376621518504
0.0409776593657805
1.77711775999444
97.1187825389584
1274.08217130414
0.489129376054786
0.0015342964077681
25206.1141648001
0.386785469231633
0.319091974997985
49.1759971516092
196.87955436346
1713.28939895182
14.034954888542
0.449294918173151
278.339222687999
6556.79954808417
42.4074807151866
1573.59945287779
1785.70974226657
5068.83398071192
47526.7933494562
3442.41648419198
885.939800011451
138.714066044771
0
2460.77395859094
1929.82441368097
24.7151651574693
39.933005273409
1212.16002775795
1.07133231635107
0
38883.4057319255
1589.65435541031
2013.86723748531
39.5994950553239
161.655998639919
23.3149780353094
813.863692593438
0.214041658981795
13320.4433115548
161.585832178684
42.2765737735309
14.7891201918859
0.009
30.8669675543666
6.7611749666704
2.33851146185276
3585.6612449672
2912.43545747762
0
113.006880150859
1.25219211748982
3839.93134750495
0
106.900198347291
141.361805995176
60.1531576221454
1751.19843515734
0.0273411138363811
2227.84453623843
15.9689542980414
0.175356896796223
19.2315265551873
294.243103526208
5265.82920147303
4495.65481798311
0.0335278855316163
0
813.863692593438
1480.21241026817
2.26475844421048
1858.87559355653
54.6091913837643
31.6632888501942
5.12616029614654
1074.98366495927
0.0702926538763635
0.952017586289098
41392.117923695
5.74731851077333
294.069699835689
0
112.621143049703
19304.8328035466
54.1851807995712
2325.88969716322
0.0361103092611782
2327.00417918876
20242.6892843643
8498.54975882324
0.00216084847693161
1750.29112513535
168.669354594702
197230.01751415
73.8078211365352
0.171292653079419
41.2088330701468
69.6319648418878
294.069699835689
17.4291580640009
124.445531360995
80.074458260863
1855.41781247973
8.97923169219534
990.961115251728
68.811723886655
1455.4756284346
1005.74190749901
1.56477323811338
174.856232096359
84.9074181559321
16953.9566941938
1459.50841336181
44.0030422164947
0
0.554609242287422
3071.65036799963
782.367280664276
17.9191953451668
1939.46357559218
193.961698369011
25646.4263029698
1959.16195808952
0
0.001
0.574165939485081
29467.3396279329
1958.57039544488
4.65825312642803
0.256472622028293
194.413424891084
4814.70638875892
0.658322451092974
60.3147680244765
10.4319708573514
248.025098056843
2125.98217087247
60.08580334608
109.768948760316
4002.47241825876
0.477156595983858
0.170404021960243
1562.7270897302
0.246305369720537
33.0407548435304
55.0956140511043
4626.32681392106
106.220816182096
4099.69007236753
14550.9434295309
2374.63011907459
0
42.2218633763457
0.0990653370716282
286.703370465594
33.2641818060046
1.59651506308845
2542.11443408823
1131.9398563789
0
24.9789597931387
50.9361268805497
840.510929139225
215.698828847734
0.0526746160927929
22.2496323816056
8.01405056246238
12.0466336833055
7.89681180565478
19.0281329193899
0.501870807654456
2819.74101824716
53.5791483210199
4345.30091011561
180.664379573665
82.4720830051439
42.2765737735309
0
0
0.0123378106617439
1365.28484714045
92.3048905711695
0.0560410827874497
203.643007569632
95.4658130026184
3228.41172433384
137.637305001508
2911.52675723824
2650.17180646684
186.781785670768
0
0.200237767742201
29.6245280484746
178.717657500636
2143.99772012089
6123.75832920893
2178.79569303793
1.80948951700343
21423.3901711385
32.0138424867093
153.740075658312
696.129693867804
0.543486619303391
2024.08338469212
0.152783186806226
10.0992727507505
2940.51641113099
48.6690838016084
0.114993114495055
2051.38012555439
100.874236917952
0.346089079222247
1.71451610964849
0.202968489031196
78.3118102416463
0.568786726696688
28.9242785476992
0.200085084189472
161040.441107971
2554.08400176961
133.503084697149
40.0673223939496
0
56.934256417524
2.11493416085632
0.0399222117877064
246.463802174972
331.067407862631
0
1731.46624561615
84.3295652733701
59.2549038001113
0.107016200167176
1412.39277752526
2246.4059241879
4.72270814011772
0.0373687416334548
2212.66714731042
278.339222687999
1863.66840029827
454.641840902378
1715.21989989172
2021.41950132349
26919.1422872798
163.047383116195
0.249592634920783
63.8439681693451
1454.78716559589
2009.61156110126
94.7112923255569
29048.1608710649
0.159273352296119
266.173137586922
20.0742392930641
332.064629924872
720.727290621698
61.6161200426381
113.362713699488
2044.22916192727
0.155586779767831
0.110446425684013
13561.0746347062
1417.27471936632
114.535047826328
16.3095810562878
3599.26221490333
2784.58849200731
4815.0334100152
4.75558276937092
4.07364361678545
2804.35197016518
2359.31777275024
0.0162092776980774
2979.29442084313
159.277310576287
66.4254890812878
19.0778974472912
3435.19574253945
0.7291361307665
1527.3206442239
191.849353316107
38.3324704875685
798.633815506055
27607.8363500205
1.05830008353366
0
2450.68932247679
0
0.338336859670547
15.9839335430527
44.5546061887054
17.5026476901161
4391.58654747362
1.45731384935113
193.025699438498
3893.04123059282
2098.53993117475
96.6289744507031
2428.05107279911
1664.78135284643
0
1666.22170398757
3093.76955578928
168.614800409987
296.703233657366
27.0609153014639
143966.665243295
0
227.252498484951
134.712338462178
64.5820107066656
93.0034877632015
169.328845523255
152.665429153683
743.913674756907
457.217090830279
19841.6431446912
1107.84731194676
0
0.93959344276951
3.78002531908692
0.232058361151955
3.81894221131166
3006.65128328052
167.787837986689
0.700165962850638
0.360807651230562
0.110446425684013
0.06054003798294
150.552810502526
0.0120113555801779
2079.23413435186
2397.37522083733
38.5945707547855
1.0649700496808
2435.18820626338
80.827802255845
116.927753698499
0
84.1697545252913
3671.45106163849
0.124917704111411
284.614463710418
155627.893175169
43.2972282711077
0.128995149764877
0.465732348514939
2370.41480745498
98.9503046297456
19773.4205042438
1.30020315540706
355.950605893279
0.0387687080765446
234.497733692641
1652.98609679675
1702.56113540918
24.5583010989483
222.18444147679
165.33811438192
0.0337692060971979
4.98287430231507
1319.34730321945
48.0369325751987
23593.3209962964
86.003829187794
1.98047944108467
0
3577.84987489371
157.117092230206
101.425817774634
33.0388071513515
2.23790319246567
2542.11443408823
160.679628594316
118.18201527369
0.0161716145229937
629.578668123502
309.182491934188
47.0616896806529
0
298.504909662919
2119.50000283027
639.358044547413
0.5373471319759
3300.21396998338
27.3949185730014
0.1
116.18815230819
147.93943371475
39.2676829827412
8.22122720512984
21970.5876398588
12.4261278674352
0
1969.36006310802
207.442824016126
18019.4715895142
1.0080492031521
0.577039540482031
1166.66320198594
0.009
1676.66310454827
101.014961319551
144.058782416172
31.2566611420845
25849.0602709159
6.05089325165569
1258.71302868575
2583.65252532096
1579.78135287147
0
4230.91743018316
96.1181088999912
710.862500491496
0
189.368565515688
1886.41751898858
27433.0506795888
79.3296792890542
0.0121794619914395
24.2262337672836
26396.3025870618
1218.13379301643
0.315146730636659
0
48.8075887738525
0.00995521361381676
6.38005697600166
1592.5444862869
82.6636188514242
58.8396692191735
7.74784962167525
66.2205807272024
6.66972301843014
2523.30352720491
0
0
115.626261113586
1.76941914439097
22963.76599678
2243.37324975398
0
35.7292824562593
50.3635822673007
1539.71427832953
2.252392380437
3816.60796619215
2309.57201077721
21108.3365841512
30.7664939596794
2018.68162252822
6104.03585219454
149.46125416381
0
13051.6838408165
1526.12117565896
1218.13379301643
0.724714955749841
4.02726224844755
2081.79366812697
4912.74417950822
0.291027788195829
1077.52360079303
42.9159837170162
3244.42792345142
55.7795817480896
0.0387427119670732
0
4249.84265511793
1.22900524142405
0
3470.02747042323
0
0.022990083539754
0
22.3618482034872
112.430358830321
13.6355556674475
2.55692679326299
22619.0079585954
73.0500228755865
2.97674454594758
3335.9540332212
166.189993502997
12464.8550372682
181.217201800184
67.1527533680448
61.854446557606
52.1003350879436
14687.9138374312
10.3908543506674
194.720319643014
41.3658106342809
51.0112995874267
115.262101074933
0.352807826278535
1988.04466384708
48.2726749019496
27.8472433279743
1539.38131575191
0.009
0.009
298.504909662919
0.282166146380053
177.593398357537
1.3886005340045
31.4344746539202
0.598278297362846
242.107926179075
0.882929394059757
1.05333053296734
1.57484199444494
3125.15286540834
2460.77395859094
82.6636188514242
25419.837460236
1977.48636593401
4110.23506030424
4466.92209235072
3662.22155317157
1461.3111091948
36.0202144345857
0.363443630397644
0.267096179607023
1.30629689385234
3306.10597750056
3037.40740510761
207.986333347106
95.9739868974018
0.0651982659356404
343.713351157766
31.6697277378441
97.9330153258222
3044.08679596196
0.245975627152694
4012.38454934439
0
0
0
0.0526746160927929
2669.89597455772
5.31270063596056
285.699107772109
2818.67818057331
2237.68790382348
2366.3269582311
0
184.309709483179
49.8477094520792
0.750294682277944
2319.52382110347
70.5503612926713
8.99795095461684
5710.9095787195
1.69092681259907
0
3.29074504943504
219.877259218586
21411.3108419726
70.2093520783369
3437.6404173672
2883.40873804792
0.320149378759613
3676.0169035658
115.602292149865
1863.66840029827
0.214491469371337
2637.1910501359
1675.75411403731
1853.98840804364
1.01728157505208
3096.77352411411
1471.73973491486
64.1724920115916
0.104407639958541
1837.05814267603
203.58189455327
760.141757652775
32.2883270711619
0.763251203495605
0.109086589608588
0.580638086588076
2247.80604941652
2653.56831132728
2577.64969295806
101.054525636287
2848.29657357854
2825.98723961346
13451.8467626062
107.760102663873
163.179367460025
48.3660348198999
0.387548653511065
0.001
1909.09288320209
431.491404659525
2272.47346257509
2331.53818480546
3719.06583589095
1.17684327689898
0
73.2128108156047
124.273773323785
4.02923853417025
1432.89520200782
11.1583199156983
1236.58878848278
5.62384220071712
1622.65549918002
4075.5713015393
7746.57721367643
129.025602785334
131.910097753325
357.771351902612
4428.27777669711
87.0239809347555
18517.6212024926
1541.50112782945
2595.99549994146
1541.50112782945
4099.81580100809
306.654312325579
0
2816.8392859062
0.131693499114273
1649.23557535109
866.849956389824
1.80859373392792
24.7151651574693
29754.3097041913
87.324860866185
1321.35257962102
0.883470719952924
25749.1324031749
13.2906910210235
35.6392051168286
142.92168672854
129.02886510804
190.218320588688
0
105.717400567868
2.14118476398384
10.0228633183471
0
4126.77953226898
2200.48092113265
231.166281544679
0.022990083539754
0.1122917578564
36.5429208557229
0
18273.4803538144
4000.34578140977
0.739889320939886
2363.12389826082
4.09487496966683
235.449527833774
1.07250903569371
15.9130913896579
0.808159137874876
87.0316326031863
23236.1439529867
0
1576.24095085345
260.899786352238
10.1596862779586
1807.69729914635
0
2.02083695335885
57.9952493748249
60.6900695871329
3615.71698552022
381.34675936549
139.11820156172
0
86.1695552921654
58.8396692191735
0.00128288991917064
129.933218707756
168.709969228319
1059.92415363279
131.910097753325
269.832413602875
6197.03371338859
4271.28573355545
3358.5671319852
0
232.847942990435
0
138.737546036073
6047.01072725879
0.168441197606947
694.929916192913
3473.4939483585
2401.32386036495
29110.7839775422
0.001
0.001
0.526937539987572
126.789147764405
0.646037057143083
42.5888690148563
2.54210201745713
0.0742507949259595
2053.11300177413
239.984009838481
3.17065724641693
2423.72566596133
0.989496386250761
1299.3908782653
0.001
22.2210187750593
75.8955539968632
1494.68393262854
2.26163030040132
0.350671301622958
50.6289239831631
3.3354404335969
2237.68790382348
6044.19890072767
22.9159233696549
118.18201527369
66.4281051095886
0.215146029486806
52.7993319544453
202.045165009414
24.8450353098262
95.7082144755053
4.47808971799683
43.3956143776331
245194.800561215
79.2029054175322
14544.7597581555
0.0197434991949713
24.466537038373
0.0100030954656794
178.003384080048
86.6144452951539
111.816898353197
1225.22697285406
1.61758187559127
161.206008118705
0.728234626090074
26.8513131608402
2698.46730143076
20.2863762362215
20061.0323033725
3619.95454264195
31.9490177763895
189.368565515688
167.337282053298
215.698828847734
49.5252607596938
0.752208994934916
174.4119535669
2.76101827570866
49.1708910478852
3099.38895011025
90.9731845416202
4213.73963368836
22534.5615124237
0.362865330804218
23071.7409419134
125.996182590451
0
0.601243986318303
6.12738168550901
274.438520485267
138.051274375782
29.4561052682603
20760.2839314125
0
70.3196902710481
16503.1600528813
0.103227606532022
2417.86626559771
51.8611542052421
88.5031805474063
1583.51727034122
0
1423.36138445733
96.723911482043
1929.82441368097
103.025707359353
80.9375223146719
241.778678139474
3007.26335553619
0.014952746176449
1185.24997112632
1872.58325878366
760.629351139645
3270.17774607135
3112.40981179559
23.6708223395704
97.8958861776795
82.9691348550236
731.384783484774
0.5373471319759
3000.5983233089
0
2.08776534364638
141.704526262043
34.5091911451885
1.48822773777334
371.379880097599
0.17545558903707
643.533320362816
3060.11637600862
7746.57721367643
16509.7641622767
466.957686354253
1.89407522851182
1250.61605247576
2.82341354934498
28086.4154875299
0
86.3448812971256
40.5654990688889
2.01630251349894
115.436068847038
3.40526993332643
2309.57201077721
30.2200991505965
54.3345984841669
0
1.06901889393387
8.26516774276521
77.8045140752142
1273.1878609212
35496.4575975087
145.428340839161
3.79449107076676
48.7014146118437
0.429021034392466
1706.50193989128
0.0410550355692336
1541.53403768792
2.16309568458802
64.1724920115916
1.24370968861664
1337.9560850612
3267.06745075628
82.6253242314043
335.445284643441
3564.02336082731
0
193.184241082663
925.291453402014
302.09436003834
4629.82283791456
0.0100030954656794
0.0161716145229937
0.125790647038154
3597.15853073414
4.60261748693748
0
14.2547115678834
4099.69007236753
31.3939471202777
1062.30346165893
15.1202038616383
11469.6058599263
0.500145661371814
58.1523403779814
2586.9821194395
0.611475639792419
3017.5895733634
1910.9209382852
257.31240347464
251.151441692542
0
1633.83427452618
218.151150623018
0.00653070226228101
2633.59603805839
3.09134171532871
0.0343981971453723
1889.92805889144
1559.94053923174
0.227763149960525
0.001
101.054525636287
1.30968554315721
0
25.0401859058916
1673.5221057589
349.568872252641
139.530821316259
41.866303117324
111.372131318732
2227.84453623843
3112.40981179559
247.525123265767
1386.83369445549
0.299622760097761
98.2624618285221
3026.34999583489
13.2617285109292
0.110446425684013
1319.36486526922
19.2315265551873
97.6011695455152
85.2771889935954
3077.58821914787
126.650478833985
96.1181088999912
87.2963432296556
4154.67445515644
0.036
0.00374657844334435
3875.86373433959
4.74620299717182
0.329700977325782
3.37881604245485
2125.3366756651
37.7921514160683
83.1580726214616
1090.18915947346
31671.9203055985
0.381007161121938
711.990580985015
281.840894729258
2911.28127055299
1610.50880943857
3.1659530790967
38.4652139697863
0.370697866218415
2319.52382110347
5.44212138193477
1431.94498775156
4326.69649501262
31.8391942105278
26.0344887889514
1329.32709687391
0.041972056314132
1.27108691355177
1611.74238324259
626.44568653963
0
1505.3864581223
1.23269536479028
55.8213910243658
2037.94636806905
0
292.248475437075
1889.92805889144
97.7287905029118
1287.35993003691
150.650862431134
1891.81236738313
20.4555279046101
101.014961319551
1.66155735148698
1.79309854547087
4024.40719876387
17752.5936967395
1549.03193010971
152.890780403323
129.756971362603
1579.09053784376
12.3098258320909
0.022163950906425
524.201380601971
294.243103526208
3008.06539793917
23061.729829847
4.62827950795022
711.490433344561
0.0334919505269478
824.339909216489
1982.58668856149
143.906787069243
0
2638.18659062828
2346.58476476629
2201.28622091747
270.436808321521
120.999734028288
137.849658122758
24.015497307582
251.151441692542
8.81574473048994
2278.54461841915
2331.01496190004
37461.9376993544
92.8778661369263
222.364136020066
137.490223874155
2.81552474841814
1.43561823678801
348.97267373179
109.328343710932
1598.86101609194
2.36944941243755
1196.70259301182
1.15822539629247
0.109009423963527
0
176.122805045095
81.592586286915
0
0
0.121444011327934
809.928383581939
0
60.1153829447648
63.1886478334877
270.099807233503
11.4151142820053
35.0827206708483
70.7674054444914
2196.90770632979
250.443939095669
0.868832337698696
0.00605451402535369
205.939272738062
1424.26412776479
119.838902460198
4131.82586892481
1137.80323492871
822.469964663577
193.734281520808
2010.58034084615
2081.79366812697
2063.38291145353
14126.9926856475
44.9947417477605
2116.62963317994
0.465684407703658
335.65881943953
62.1548831787483
19617.4912151544
10747.7423086336
6179.42765502468
4471.09047605542
45.8552484716665
140.862147233997
1.06084562691765
1886.41751898858
2743.38384745576
121.88601453767
448.918889997275
825.560694052796
1.10334591463839
0.0606209737364952
0
130.652908828501
9.10800298027052
0.0432972278197173
0.009
114.150501661912
0.723194845702981
726.458803438114
1249.3981321227
2169.27016492025
110.014646779549
121.366582084472
104.80255630578
36.5288307769445
199.14186078628
0.724714955749841
0.0771713363522023
49.3491653376359
444.147127733836
143.833771630284
444.403009614092
3215.0846077453
0.516863829476607
21.645835392595
8.19507439164133
3206.05409133805
1.94813174409418
0
188.941150220544
86.3448812971256
33.3377488131318
144.00637558778
107.45667653308
0.937893758576691
0.0118034054317576
84.9161416460987
2270.13867186798
0.0429052909523025
15655.201565537
111.253376147622
0.129775091686108
52.1003350879436
59.2179798038518
278.152048821616
0.718724000899936
1.62755836333848
192.45929269559
20.6124576773946
44.2434952179787
1400.42064796831
49.2957471947734
101.067170879882
2108.46784245589
3.62138442288618
30.1921093191813
0
114.112228327701
0.017517449999029
0.00819863244387748
61.2530883108158
97.1533762355066
1859.51389489808
15767.6797522046
2468.02981961851
1198.41980389271
165.33811438192
101.069968000524
53.7692811722663
75.4916569646546
1.16762976407816
51.0112995874267
0
1505.3864581223
607.323830191731
1618.01549087927
0.560321873242601
0.036
2221.64218908652
1275.82005119919
3109.01869127636
1287.35993003691
126.424074037665
1775.63472480585
241603.898461972
2158.4788723104
2.15390898658552
1982.58668856149
4377.49192432635
375.321743437905
189.988092555549
0.001
83.0851002608254
4547.36633821048
0.00653070226228101
19765.7846094973
2759.32686120928
0.495947534816213
369.759097799177
1244.0607560401
3306.10597750056
92.1685437391813
1884.73410113032
392.703448446587
0
97.9330153258222
105.944063731626
2.82902082344291
0
0.263181611294063
179.507737743913
0.181839212928178
3.85902637022115
1832.04760284132
123.516611158658
63.2558913947176
19.9017598435479
101.840381679324
26151.6721649575
52.9978514254283
14199.7292673521
3060.11637600862
0
30.5981523904932
3316.51895902879
1541.13257989382
18.3430725200221
1486.66942770664
117.652800408553
134.586269005723
115.743627487026
0
22.5286634025646
30.3521873031104
114.717517408461
45.7432375571937
28708.183697886
1722.15990958221
177.607334828982
4.54940499129689
0.0674736542912667
380.993348369404
0.119686140069045
25.3557252471794
68.2495030309244
1026.2334936864
31.3129142058086
92.3048905711695
0.965925789921944
118.71588688269
0
22268.2045041922
1.05640194547291
1785.35604452196
0.0334919505269478
1668.02662784942
75.9668750259139
5.12533254109527
121.999145106953
33.4789352171606
1625.69391100879
55.2254429893896
2142.23773223317
0.00932473255153404
0
138.051274375782
3112.40981179559
78.2384520082955
159.451314284771
5270.14943010226
129.043659546937
0.312597146176841
350.281577315998
22.3688868219933
197230.01751415
546.04728180716
2.36882321392485
289.546901712484
0
47.6622287322231
0
73.9919455087958
14.159407573551
0.0687434054634767
0.646209850498047
3491.75273828555
2918.97663830019
4326.69649501262
976.432213167773
26396.3025870618
1459.50841336181
109.635052756891
1673.5221057589
1.08059243822458
41.9700585429317
0.159273352296119
120.101006096753
0.00929614799238334
126.650478833985
0
65.2733221259696
3.25295865020903
0.449331386818351
24224.2679340009
3799.90635771764
5.71094919674312
3619.79283151486
36229.1050188999
2.88574878765796
135.439046794626
0.294027929536873
58.0353166814595
58.7640800976609
3204.89163969036
0
1090.30331940066
44.0883492368554
1040.33451988813
1860.85285510675
194.506346998159
4494.28863053738
27680.1807183492
0.022163950906425
0.455921701629118
63.4022003556913
3025.30436903163
80.0103399917761
3.2741345529
3.21101666426831
0
119.838902460198
0.0894826005743013
2.64974951733208
2329.25165040196
0.00201314641445244
67.4842715693151
14745.3689969005
3306.10597750056
66.9659924593978
139.464071354273
0.110446425684013
0.10117676013699
84.7271844886446
16000.075061043
12.9602303864331
16.9240298893303
13970.6646909142
0.326029750076429
0.140244371912895
13.1015936592801
15.9344439677282
2327.00417918876
0.014823113526941
2686.08720205194
3.62269085840605
0.18007202730757
109.84622227574
0.732965514081366
17.7413520467389
4012.38454934439
65.5278972759065
125.996182590451
100.411348104891
91.3158454818249
1290.92897347793
66.0534214889173
6781.13279831216
2452.34038911934
0.0119668101010528
0.937893758576691
18367.8671697627
2583.24356656379
56.1747060800222
319.046726451797
0.710445564539931
89.4195005567868
2259.64537402726
29431.3966016518
1210.57596817275
1988.04466384708
0
1093.73376921608
16279.1214251032
109.783425703701
0.001
1.01262088675364
61.0349678353963
25049.9445952854
193.645122707815
19.4608455545252
0.104407639958541
0.451742228085286
185.994274242639
0.914053973793027
1423.89268035578
89.4789515322546
711.990580985015
37.3805180266789
0.0117588263246022
19.0980322094047
516.818120543978
0.60249787680574
0.171423294643977
474.158814591327
75.0442372434839
0.0650391469281093
345.718353962138
41.8191290580656
1858.87559355653
135.195511396214
1.43498610581787
1668.02662784942
680.438471118362
1.82871800248231
3195.10251660506
229.640605779257
5066.7420772254
5908.74043236495
1.19472100405456
84.7420638176865
13.2692982198204
4688.66054522398
0.009
187.484241570504
0
222.009796813451
207.475817934841
2680.64853507308
2794.00064313423
486.601578010314
218.336412164654
1008.9009842805
979.60151915613
76.4173453132378
3390.16515163436
54.0932659331335
119.144987935337
0.00377030460081943
0.986289780017589
0
0.0386051316969381
1.07259809046837
0.222181427517929
603.402975766069
1872.58325878366
29.3638241768193
16629.4176959932
0
5073.90303463531
103.025707359353
0.826128390946251
12464.8550372682
154.64591015581
342.722874282907
81.6409759404673
47526.7933494562
4618.06128972527
149.772580789001
0.886447964264379
520.025399424935
0.844987139555963
47.5952612232976
179362.095560278
7403.43333965654
171.532532786249
1861.15216057148
1.52346928237951
34490.6347144274
25552.0073008657
0.171423294643977
4202.08788962
78.5437104332946
40.5021705083329
33.8242327854975
20.3633200421348
3456.49123631352
217.513665009374
1715.21989989172
18973.1141561208
0.0851723623984756
58.0436904470006
72.1979524337767
29248.7341977701
185.133552512449
43.0187924129569
54.6749377585733
1068.27916863208
190.625207234979
2.16448435847886
0
4.07364361678545
1304.2014577908
0.00212006756782955
1324.10646000175
113.899537815498
192.566077507364
98.9850203185571
3.75360636103678
93.8152372469529
1941.8274696767
0.001
34.96948030084
278.308376994758
195.838882327609
1692.77690237983
0.544567062434753
0
48723.6116582209
79.8916039004196
0.0952151863990157
17716.16187867
0.0402907023937192
0.210031984818612
1.5191317329205
1712.42377409749
39.8867364969325
1872.58325878366
2.98699559950532
2691.80376608636
4971.27785087809
156.779964309841
90.746907694905
0.152783186806226
602.507717018127
142.81768036761
1555.66328418716
2314.42692799847
10.9300689833133
2158.4788723104
253.681554618714
0
0.0116651995538329
0.0418263359875473
99.4957857737002
26750.3237641885
2379.86443389046
9.35060767074597
199.774077656831
7142.00646562071
0.941834710309929
239.938553145945
0.00946150623408276
1196.08246675686
1234.22100851657
0.103286283128196
2270.13867186798
0.579076225101329
2814.55531640892
0.129153578748544
3442.41648419198
615.377720967838
0
1749.5995748777
0.194012411347744
1323.06915683612
0.0674736542912667
23.1796544975062
4.76802041778096
4075.5713015393
61.2934310435297
2151.78642472777
0
1065.10857708089
17333.1482981183
11.4019878085274
89.5059600225574
27099.9469709223
19.2315265551873
188.842880255909
165882.543566178
0
0.267043672439898
32492.3976498001
111.654922216207
69.9192369642969
0.036
9.43415260943947
121.353362192888
0
0.105917644605981
160.139375200024
274.438520485267
528.124131652431
18.1953038056862
173.865099723825
7.08117762534752
1321.09088225785
160.682302827738
117.122865284294
67.9146824203854
4.65825312642803
124.940539889858
10.5107472551966
687.123673714066
680.438471118362
202.045165009414
106.75904956701
207658.996526534
2009.45585812016
2312.61244769366
81.8077265850251
135.875980688381
220.123164251095
2422.80955280121
31.2258880297676
29.8762042453865
1.10671487872129
2804.13931760723
9.81516511597077
245.319368159074
155.25281557256
3044.04300755766
222.009796813451
258.200386137502
14228.381199221
867.679848204095
96.463062662462
108.299899804319
117.780013856329
277.182693934033
174.856232096359
9109.5085301873
2774.12987444966
1321.49302531636
49.1708910478852
28.9302803448884
0.00219725971446714
3.3440480187912
0.00188033891399147
67.2775046404511
89.9163911046039
43.7609553142995
31134.8013488341
10.3898302519413
87.5752218032316
0
931.543877074984
0
3204.89163969036
49.8098517225772
0.330638627587605
0
0.884163044273859
3219.82771225627
0.009
0.781512979602351
4912.74417950822
0
6450.87859204657
387.603762823254
14.7891201918859
2201.28622091747
91.4099123077762
169.098033411153
0.115510212377997
546.04728180716
2590.07780616408
6.14964369073451
91.2251919836224
175.601421734031
0.0637946590587365
2675.70288509299
6110.33395734732
96.723911482043
24.2262337672836
1290.92897347793
2745.35279103622
255.557864758891
3.04375781993691
3005.05007161648
27336.1965793812
28.4418095833607
0.174239466995604
39.4169498300815
0.737516909823093
2409.02490059161
32267.4408403062
2709.44662893219
45.7158511680564
0
23415.5723197973
402.086130508404
0
282.783259915748
42.4667266173925
157.115952708528
183.385133711273
176.125474710287
4.4273678070116
2.06035300840024
5347.70862904263
5.63244423832352
2169.27016492025
2.20694956612661
111.654922216207
33950.6971351086
0.00371248111224537
0
114.824664195125
0.036
72.3081553760601
35.3923994981353
166.062005682775
33.8965718136375
15.3017853118401
3514.20584366518
1649.23557535109
0.0659814758728685
56.6574232281796
12.0466336833055
1.41587186510612
0
0.361904969458809
1244.98077716368
242.005348940061
0.001
0.79639575543175
1842.19683214702
104.764133784279
24285.5166417647
39.4977411673792
167.787837986689
885.939800011451
30.3498978589522
2196.33751367221
0
68.6923093043682
5188.86313621166
2137.77403825565
0.579076225101329
1048.16444772517
0
99.5804382576496
48.2103680150349
1371.41381336914
0
1813.22197443281
276.986513733998
64.473855477303
22.3618482034872
1006.10700524275
0
63.3400865599328
4.79808816657805
26.8537816184126
0
1060.88562224218
6.08391160423856
2310.86882058876
17997.6235759232
0.686727510353982
1.71128135861905
106.080943549721
0.001
2.66531464967201
51.6795744140091
0
29571.3120060687
2682.684654435
4.72270814011772
116.647134662477
20.2863762362215
132.3385334403
15848.3028071185
0
0
1.90373895172312
3044.04300755766
197.892691391288
45.4676070907638
25.9937366025034
112.437656594196
2.76199080077831
74.0188443152631
0.392242990464635
18637.9123801876
2250.8860209526
3099.63844148531
2392.13609090748
1.31506585974849
348.254304104123
111.187164495253
1.32242397227332
92.4516868076943
373.453216344862
23.1796544975062
0.0161029540632827
0
323.512669090063
26.7955713416531
50.9331144163543
105.353991461611
40.2234586919998
1142.60502689739
1370.64260359427
144.770641949935
1626.11443610754
43.5004276771255
3300.21396998338
159.752767622746
3.12803506113867
0.615983275978117
167.903068752639
57.0290207766472
14.2547115678834
143.983472551238
0.0019719765577265
0.009
0
2494.25461613922
0
143.677457312757
153.263042033599
171.110847676206
2288.44092294443
0.001
13.5898253536397
25.6275894574952
4523.6981284687
3017.5895733634
0
0.00382202190504137
194.413424891084
1537.39071026752
105.353991461611
0
80.9375223146719
0.0248899434876396
3.20199344062472
126.791720457519
1133.12325126057
133.179567517066
1069.72036707565
54.172102555233
18228.6351998204
95.0222892569488
2241.77998730258
1.64687110835066
3824.46559493987
1768.16094830254
2960.81559896114
152.969285106739
0
97.5561848211991
16.5755512762635
2.03427794675385
0.0454464693427936
0
1740.67064828579
0
0.556367632697093
1573.86354514867
0.049662259858498
1344.61450741709
167.781873160383
7.36725339416288
1.73078886224884
0.0763395447267183
2318.90473368228
67.634518666805
1887.23740845193
357.086096887303
2454.89611352431
55.9908860091145
369.759097799177
48.8237087465879
177.458958318862
18.2806355625359
16511.0144879594
0.73764225504758
0
25.5919462123166
0.241076449485693
1606.12417304934
0.0726734506235326
0.257541653952893
160.682302827738
169.426818732976
1975.39280389587
0.398563967144321
275.374127890842
2070.79817591837
34.0065708648345
1.63299145613965
0.00377030460081943
167.92829682
0.144175008886371
88.9227372958164
210.607776023537
29.4561052682603
19.9363305147444
0.613977609627905
1928.50240176691
2087.68608635068
3596.39241694754
117.749986721156
142.92168672854
4139.69875022976
189.860903822927
0
3324.57818152121
158.257372540574
89.5683953789386
203.048947065995
9.10800298027052
1814.00649929969
1221.73244007412
1195.58509264628
166.189993502997
0.00544572950368707
4.72150092130198
2052.93962952683
68.901623376438
93.1603814972977
287.996703762766
3550.00402505029
5.87271375665815
15.2124746272371
3.58165339338686
0.0605278855316163
75.9859539419432
1231.44390176438
1545.21035066413
0
0
129.221398294665
23467.4763172922
1285.4016091064
38.4353716098525
548.064228964653
196.63567193673
2347.89298922345
0
193.800617631447
823.952745860967
3.04375781993691
28708.183697886
202.888142252077
114.112228327701
2.97627717787767
0.249868349644729
3671.45106163849
80.1530045052831
119.342748349112
49.9113090232433
57.3560498912707
93.611682382872
3652.01835055419
3640.11867764925
47.7449675448519
2830.37852714421
26642.2531719521
409.371433521601
110.181657732904
41797.3783714254
24881.409495289
0
96.139523526871
0.0534870247865488
76.895885175326
0.615524380443425
1930.50289011291
4241.47888250906
0.103286283128196
8509.43065693507
3.12803506113867
79.3741195533597
2010.59439883013
0
0
1541.53403768792
442.568212633187
25.4798128361579
0.887000119721953
228.101426889088
2312.61244769366
1658.65930543563
0
19868.7106417755
36.9351673463215
0
0
0.22775051063381
278.308376994758
71.3168415195135
0.0403386657002124
3254.01125875207
60.9884153557086
6.02984850977104
30763.7081410383
2373.38210943333
0.751321028989862
8.96815428488776
0.0640148860840455
141.110984572271
250.652226278627
96.2738296536841
19269.0250148885
77.0483511680603
0
17.0956557374912
1389.34354338374
83.6116931889491
1701.96457216847
1.30629689385234
4008.55612909956
3550.07075130352
495.598113247041
0
9873.59824373838
334.306791269151
71.6039819588091
42.4667266173925
0
1736.09941096369
248.286984727089
0.009
0
790.202962595184
100.577837634911
141.752692436668
0.00605098290195162
1634.7051585405
42.6808865707545
31.1309385600274
332.568369012821
118.207970495912
100.016727027934
0.124491950526948
376.454751477578
19.2315265551873
0
139.257601544204
26.378977442537
686.748905069496
0.001
2021.16255702555
1606.6474602922
3259.27744399864
32090.5292812704
63.5517367380419
137.331511918658
29048.1608710649
23.5511016177185
736.682537264968
1023.40532306755
0.152783186806226
0.0650977573342772
4626.32681392106
0
3025.30436903163
1743.48597066915
156.196408192179
160.314439509188
1.54136063288736
3386.50637767138
11.6020768039976
193.129596414116
14.7694742550235
18421.2303803568
3053.78832969847
5.70902226115903
45.1774083653534
70.7818528878188
1095.8565417169
0.579674644126931
1622.96680886982
24.5583010989483
24.7544106262438
20546.0158704718
239.340298493936
426.868764798009
89.8161715952192
2082.67665605883
150.556197430424
0.872428361184704
135.798757940117
3245.3930074461
21411.3108419726
159.277310576287
1233.1259431506
24.1873878115768
67.5730979044037
68.4243015175612
38.7761816684142
22315.2051832698
27318.4086353252
2971.43167700927
20656.651931359
1279.00044879831
1367.62053123151
14.2300778266063
0
3697.46034583523
92.1685437391813
0
202484.355134502
1.23327893954108
275.91740158351
2820.28272986451
0.737516909823093
67.018990958589
1.77167625339049
20.2386018115157
2290.10526597593
26.1831104435139
101.014961319551
56.8324232897735
81.1294093019552
0.001
214.922274186179
2722.0426934116
702.276416458163
0.224491530566974
163.576180210353
7039.06420587036
0.678307135965276
27411.2924474516
0
0.227763149960525
202.883269564058
2247.80604941652
3206.05409133805
676.284135590192
0.001
0
1.78356345769877
179.792641163459
1130.02703709104
4313.59723062289
42.1616917252138
91.3158454818249
78.4969438985863
6002.59610289576
0.940128374675423
0.96451173810377
2744.80991717995
35.9696112000565
0.899250307382255
100.577837634911
1256.20410397277
3358.5671319852
109.79551981631
66.1920822879
1532.36597456224
109.927040638179
0
2776.43416601385
0.181205456796726
2439.2817832484
61.6679381273863
2144.82283930818
2121.06176851441
1489.21109194388
0.0716693395149555
4725.88442796152
0.8657169299845
40.1311835434166
47.1762600840316
3.73849651576625
100.411348104891
4002.47241825876
496.822946270467
27.6551415376637
2699.13793662151
60.928438187435
176.783375159942
0
1210.57596817275
0.940786978316903
0.0920349751204179
15655.201565537
133.552655184062
44.6653563604829
1.17709924886392
3.86166398378308
0.0398556166012361
15.9607863043529
73.8027596706635
2763.52354398215
86.636839317481
254.102539555683
822.936376453821
0
1389.53603542703
48.4858158795771
38.3395985279983
116.461378167834
152.373144482016
0.0659844286384588
83.4964284895103
0
0.00989469332943553
185.133552512449
15738.1511785641
4489.26202131198
11155.5308698997
3470.02747042323
1626.01414141796
2872.23325771918
141.590011899117
2409.62333196046
3335.9540332212
290378.855853905
1446.48472737327
0.261041487661298
643.533320362816
23.7625343486846
43.2164265852154
1713.28939895182
35.6392051168286
1875.6979376613
127.483394233638
24816.2679912024
680.438471118362
0.11861680657063
486.947598563278
2.53411770665627
188.728020198526
296.371882143009
10747.7423086336
5.78040474561464
85.6391665069951
0
5939.70077883582
2468.94045497538
4.10153597905055
186.445423174041
177.238894974537
306.2320431371
18.8589084698974
0
28693.4995470421
3.61461432344501
59.4018829237342
3323.3312933721
0.399642992106476
156.313360931382
0.321824456193919
16975.4244878952
7.57979995457081
153.951824192977
2874.84908390917
1612.50209851056
2137.10371005929
139.926653321861
2609.67839967189
56.8475020275074
0
2830.37852714421
1054.84628519688
0.1
329.712082112924
0.44325947759838
2630.7683851735
11155.5308698997
74.8949467244183
421.013794916245
462.497136408479
950.321355115397
0.155019335325103
26.8905715671751
2069.92308962501
2.50453748175715
140.0918433154
19868.7106417755
39.5994950553239
126.930745728976
702.276416458163
109.962261306048
105.189905718321
8.58950250454829
2206.57886160688
0.16389135381067
1429.20901308133
0
3495.69116923439
298.594769230999
52.0224875859271
43.7909927474155
3975.89335128988
75.4916569646546
1.06513788275804
0.143305881188461
119.510877510373
1.49692950233667
1090.18915947346
8.09316446312323
2324.79005589233
299.044039375007
0
238.239726025788
2848.29657357854
210670.070936369
181.626072852171
44.7182388374448
325.793525578342
2259.64537402726
40.248051684805
53.7692811722663
2873.51996014609
0.0605278855316163
58.0021638489396
2.15480780941546
2169.27016492025
1747.82725209873
40.0673223939496
188.096899902936
8.97923169219534
4741.16652610112
44310.819401489
5136.6653920382
1128.77706232608
1.51319835865926
100.753979849494
184.31677789343
0
0.0113648065380832
933.649949246089
224.258842678882
1522.92798732343
0
0.00788466867123078
1657.35908618219
3783.13387897706
3547.59359003332
21.5801174015061
1891.57239788745
91.4998440253258
58.8892191070694
29714.5984501095
129.232632606689
20755.887978199
0
99.4185858329961
38.9005236767052
2172.49976767889
139.530821316259
0.229367742996049
1.6254147767798
1.71128135861905
1.17669040029422
293.896833844436
21108.3365841512
206.756975843635
7.36725339416288
1.20539061933169
0.112345092515767
165.21564144589
168.641660116425
7.13743741020973
27.5562915011424
22517.1300056834
111.816898353197
2611.07210671174
1429.2042914514
34490.6347144274
173.356032883114
34.4159015932233
0.362538067784849
0.202880555603683
3010.26620559333
0.406569188273247
143.522831247899
0.129174253093543
385.282309639787
44.5546061887054
2.84240140367576
1751.19843515734
2511.43531415901
131.910097753325
180.694652433082
2736.8995402607
217.826243344439
1728.60403137342
78.7883755782672
33.9228772759395
0
2757.24054506378
2076.1857214389
138.093090568713
2.88745206933847
38351.7946842771
124.10117218757
24447.5377676601
236.274388613613
1626.11443610754
2.11827108393398
3123.8236437462
1871.27313885676
1944.11900831956
24.7109448290572
2183.18547575929
151.586571848751
172.441897680545
2.52133106920394
434.664038856965
0.22775051063381
1003.24878590531
1.07259809046837
1.40566090063813
22.0068826270727
64.3062187870067
0
57.7554220979799
193.585605806619
105.684602795335
111.426913823795
59.421282764049
2487.2538647141
5095.4927030439
9.01954477812562
6711.34708486089
0.0606844077036584
129.77004270421
373.41431152268
0
74.1853324530989
0.0813829023661969
0.302738873015259
0.0021811457902253
1314.08796457692
19794.0509577811
0.615983275978117
2697.5286837636
0.001
2009.61156110126
14.8647429409688
34.9901680651855
3.06578768930279
3789.69158450998
0.0419057193246776
39.6387798237407
21017.4490050451
0.249868349644729
207.442824016126
96.631977234043
0
325.046863870717
136.101224761526
13.282686326159
3017.5895733634
0.489908629299862
0.465084151533307
1794.14152716914
3103.693207551
544.618042398629
2814.55531640892
28.2961868721578
64.6759629791906
99.7696165506917
0.135789619542777
98.3747914880607
0.014823113526941
3.33935119584982
202.883269564058
1920.48036021019
4297.99902392215
29048.1608710649
1676.66310454827
271.417077137989
3314.55531248447
12.0466336833055
0.04294921457373
12.8041324988788
5.98751207248601
0
23.3149780353094
2211.08804893305
24023.0007646886
0.11597959807308
2040.21642012548
15156.4332113613
138.390375232751
1618.01549087927
23.6708223395704
2289.29693503653
8.01405056246238
95.3321155388604
49.4956807883935
0.373566374849947
60.4603884791897
4691.12054555931
112.522855369521
18981.908628766
3405.92230572795
2578.72624197107
6646.85268042465
38.8236730076574
6.7611749666704
3619.95454264195
5.97030502984748
0.1
22.2496323816056
4.51931220514481
191.849353316107
1920.09621011665
4059.99175406528
2468.02981961851
4182.08877869487
233.980713047623
0.549865338230018
91.1497499264399
5.9082734523103
4153.69862456211
2140.88277715646
142971.417067268
48.7236396515555
2.77050073443622
15.9667208632858
0.0118220219050414
2416.90220929087
3.87499975637752
179.387280323691
197.19894473678
46.3783670688826
10.9749556086315
1520.15961584075
1405.57423223696
1150.19552080134
0.490013957579541
996.04957651428
0.001
49.3959292145816
3899.85588586519
48.4182642219694
1708.62144434825
0
152.337633308601
30858.3755091492
112.229198866829
2090.29685870144
18.6828962349642
59.7677538279125
0.046162282621911
294.419608429285
131183.716668383
107.710425578505
3977.00399458608
97.8518433394829
83.0745175290801
2556.50459956507
0
2.33851146185276
322.040589576682
1077.24471689027
79.5624122578664
6973.82527677347
1753.26122336723
56.6647185447102
444.622360044218
53.1784518691894
78.207935888797
1405.92719696699
2013.86723748531
23101.7383157813
339.234263601036
0.0278758883485043
0.539539278976527
3009.32329189504
2048.36959358988
94.3976109081706
1736.09941096369
14.632381754191
113.337389933648
26331.3164183893
1568.5863393066
142.81768036761
181.974976708468
1615.2209984812
238.432095426796
7500.76359926609
75.5670289382897
17.8897745998935
55.7804024585996
40.5654990688889
13.4451440172855
94.1093734294977
9.13534944805338
21.3560638600321
61.2934310435297
1936.34562605808
2269.57539582445
344.629866767977
2177.22272052527
44.1107703461864
73.2128108156047
4.50398512956894
3259.27744399864
6.79773556849789
0.0866549681261004
101.769072203945
1.73265872547009
283.85360486747
591.72711816491
3078.93387367712
0.00529423604498509
0
0
23214.1164997032
2996.04613615949
78.0175224253063
611.128931836158
142.81768036761
0
0.124491950526948
9.57798732737352
19.8491373801575
12.9602303864331
79.8741269945679
48.0868501926619
55.1612283910357
33007.4130404843
21928.7903318773
2.18545215862688
166.359487274691
2.84719849572891
17.7609384093755
1.95284240708357
72.6422165435355
111.519801437928
3393.4585860328
17.3265742436354
0.345932288625363
109.185151760777
0.009
0.0387325149911981
96.9237877675824
188.092057837692
93.0763131890835
0.0610188882925485
74.8251667917505
1.85244154747177
167.36248259704
275.171327123975
1.10994500636704
2076.96137070115
6.24808940078423
0.2318255179504
225.366177338898
0.33933711517062
1516.10346714271
25.9739747388702
0
70.7561649070791
0.554609242287422
314.187808008237
82.7937389308934
2009.61156110126
0
2708.66005414416
11.7927155636288
23.7625343486846
8.00866309166327
1736.48826223886
1590.945048792
55.1612283910357
92.5846727943431
96.4039865206091
106.120439126444
255.388570383109
73.360931966254
166.855652754056
22.2210187750593
0.009
49.9489439731432
25911.2434697187
25206.1141648001
0.166143973474974
21959.9290652876
0
2270.13867186798
73.2340604088606
1.45390243769495
201.586412880151
106.521150981452
52.136715551903
6.41878741613724
7.13743741020973
0
1738.68755407196
47.5142600083874
0
0
99.7954241032748
43.2817673827336
3.51073497480566
1701.96457216847
228.64897816131
220.123164251095
2024.71385577834
3636.30325870826
391.103884503265
0
0.451419743678647
95.9739868974018
1.05619629535905
179.516007011375
4543.22440224629
22778.8986506425
0
1.85244154747177
0.202880555603683
140.87231259249
8.09316446312323
315.363125382243
4.3555675659319
0.128909505341147
151.259520003795
1.5343629010402
408.312555178682
1059.92415363279
0
94.4750081741175
82.1670187080446
2520.66996580629
39.8882267243739
0.547200224693998
198.298771128714
94.5417942205538
3732.55412596705
1431.14819402634
0.592393226308688
29139.2918707284
91.7697565796881
119.342748349112
24887.1964212956
0.20198973538294
297.708825741618
0
1555.85090482949
2140.34327572216
180.14064998749
148.637839239683
40.3274923374421
206.465755290255
58.3208645827349
3252.23937368514
63.0293542559544
55.7795817480896
127.198969741672
558.877399552063
2329.30181551221
1265.45769399062
1.21569174819058
2299.40020659854
0
48.7876214458225
20.9763520242689
3.14218600680683
144.325738152177
1257.57459654794
0.0369905172837058
2.36112098441663
0
0.171292653079419
59.7677538279125
15.9667208632858
99.893586063115
6.12738168550901
2865.80666524131
0
1610.50880943857
29777.6232083928
65.9330420270243
0.0859573259177917
1.32126731548247
819.650112859078
0.251231802801259
176.857117532618
84.3809041659857
3815.10527356005
178.393873451081
4345.30091011561
3423.06831369566
153.190589194227
2125.02162009291
48.7878727592881
7380.42647669742
1418.51843591758
2.13379223345873
85.285439847435
0.001
1052.2445048459
2385.77618642791
0
2974.15016749362
0.200237767742201
222.411555551127
45.1474791169804
0.739889320939886
3608.0210739509
0
1789.58601960358
2669.6549051082
0.0609177041114108
0
218.96984751874
23593.3209962964
1860.85285510675
3621.74185949486
2683.98524440686
88.8360445698617
101.313696805345
73.8078211365352
11.9014577989874
80.6325649086838
0
28.0838988016925
63.747518040803
1816.03001710554
266.514254655601
3048.30327883493
53.8005776046044
2.36944941243755
0.616727764068271
41.1485526518875
22.5306789261953
3.49843659369157
100.950069131755
0.732961641263913
50.9510012081622
0.210739292818693
0
2333.08941730616
1042.79692724905
3670.6385078742
1.89704921503526
56.908178236775
105.189905718321
0
237.618184739303
2578.72624197107
37.7450354110549
1161.63064878463
4.98675578439956
2308.80335937117
35.0775540562756
31.9703432032615
0
106.080943549721
0.292856370687431
0
1551.90954687295
3594.44304323713
122.735387872098
0.902394477093265
3564.76087406796
1321.30498804708
0.989496386250761
1305.76138049999
77.0854640924598
481.405557995178
47.1708315697927
2072.39911509971
152.337633308601
78.4867477956989
0.299793961671797
2166.23098056965
2346.58476476629
4047.02391675334
260.899786352238
33.0407548435304
3671.45106163849
36.5281503643151
0.0350331525671028
137.844926297709
103.740325330713
0.479452046186184
44.244677033825
0.836768723772062
2319.70090176726
0.233794515249225
2486.89651696503
1.35575860798921
643.533320362816
3.45899981671838
128.416246854728
75.5738590321128
0.0023403276069587
0.0658722502205065
142.284520292887
847.9774179729
222.18444147679
837.762828145443
0
1545.21035066413
2.62762201419448
117.780013856329
0.557529441547965
0.180990389665442
1636.28982361343
868.368652251066
1367.72077073401
0.0501673472106881
0.247742686063395
68.811723886655
53.1273437926096
20.6765180992568
21848.8784757562
0.102748038723882
270.470309268077
0
1093.20860243838
0.009
0.00175540826453159
0.18038681105424
0.259620771704173
359.142711022938
0.0403968374511088
2.72728728815266
4568.63097794736
2319.70090176726
78.3962374836501
2.32118934479734
5013.18097320305
189904.134574052
0.001
215.910064158364
72.3081553760601
140.57224804961
3006.65128328052
2773.75345414834
1019.01257707639
1794.14152716914
1861.15216057148
249.22431922628
1.61267040783125
10.3721521162553
175.43503717191
79.2182492312707
158.569719333133
11.7606590000391
0
0.0613981971453723
199.14186078628
10999.146631256
176.857117532618
0
4836.00004969592
3326.36117214271
0
13.0303424387621
2278.79247331072
17568.4435605309
1465.55890851906
2737.06273853706
121.353362192888
2.70396548980953
1855.78730837218
1303.24966556167
4741.16652610112
71.5977575010429
437.294216939536
98.8629524653534
1407.64813694597
0.170404021960243
2.17065322217264
0.509399704000195
1546.92976584822
323.512669090063
15575.2145847981
265.844830639349
18148.5633608662
1.32417243418342
5.44212138193477
29037.8264183635
256.688558408063
0.113617430754431
68.211707350074
33.2917876309413
39.4257270308644
3737.67760982353
2408.9989473051
1.25440756192723
0.171292653079419
16134.9518845934
0.0753517939269434
0
159.277310576287
537.782767082168
3798.96617978993
3908.18114076055
0.662120720845759
3171.3733341812
2002.8011657622
0
3008.30362833379
137.736657032567
9.76872883335834
52.2508303247581
4476.16947082469
0.00376870807654456
1583.91000164461
0.0645956996924625
80.3065810752474
364.674397309022
120.510860829213
