0.214827 0.20774 0.187251 0.138021 0.0899632 
0.128557 0.122449 0.119725 0.122393 0.150612 0.162221 0.171498 
0.352996 0.344629 0.300245 0.259787 0.226078 0.149349 
0.176901 0.126545 0.0946212 0.111554 0.123004 0.127531 0.115683 0.11913 0.127002 
0.269432 0.262016 0.227093 0.182603 0.125834 0.0937958 0.0977912 0.120425 0.151664 
0.0943264 0.113341 0.156408 0.188998 0.179521 0.205592 0.292122 0.346371 
0.166071 0.173163 0.162103 0.122484 0.0962678 0.0988858 
0.208002 0.147688 0.167488 0.20621 0.20667 0.191898 0.155267 
0.234954 0.234954 0.315438 0.376414 0.360514 0.30373 0.219222 0.181313 0.190786 0.149359 0.101423 
0.112362 0.137719 0.176224 0.193497 0.211249 0.281019 0.342551 0.364639 0.350644 0.348318 0.339119 
0.304243 0.299977 0.322335 0.355652 0.36374 0.323417 0.239495 0.183643 0.175201 0.161178 0.115271 0.0980148 0.0899507 
0.101687 0.109251 0.151128 0.165521 0.152953 0.196112 
0.102776 0.109422 0.125046 0.132737 0.12276 
0.0925355 0.0960217 0.0969043 0.0899471 0.0991994 
0.0751334 0.083085 0.119115 0.186347 0.234826 
0.143513 0.155176 0.174318 0.195567 0.186016 
0.255001 0.215129 0.174383 0.159263 0.146466 0.135337 0.141468 0.123223 
0.137843 0.167516 0.186304 0.209151 0.263501 0.291201 
0.115248 0.089734 0.0942627 0.100954 0.107997 0.155677 0.204007 0.22571 0.226492 
0.230746 0.154521 0.141002 0.155255 0.122861 
0.184631 0.166536 0.171287 0.183701 0.216558 0.233681 
0.0961208 0.0972687 0.157484 0.198169 0.198284 0.162547 0.11583 0.077718 
0.127994 0.132746 0.146573 0.162725 0.18041 0.189285 
0.244341 0.204871 0.160984 0.134803 0.125343 
0.190966 0.2056 0.200347 0.186038 0.17456 0.236416 0.314222 0.35905 
0.0960415 0.0871099 0.0797208 0.0671799 0.0962071 
0.188171 0.184235 0.178782 0.158855 0.148707 0.148707 
0.295514 0.277392 0.252652 0.248642 0.217839 0.148525 
0.129469 0.135567 0.12789 0.111893 0.098361 0.105018 
0.177625 0.15164 0.122778 0.102757 0.141546 0.17263 
0.319554 0.305018 0.274974 0.244304 0.232421 0.210519 0.207182 0.17075 0.116538 
0.141796 0.172849 0.185188 0.16621 0.136462 
0.086018 0.134582 0.163016 0.154832 0.17432 0.174051 0.143669 0.223842 0.311901 0.343826 0.343826 
0.0956549 0.106489 0.112844 0.113002 0.108231 
0.0813336 0.119236 0.171261 0.192302 0.200439 0.215901 0.19568 0.198605 0.307578 
0.382895 0.382895 0.414049 0.402383 0.267182 0.208796 0.219996 0.169955 0.113035 0.0822124 
0.0844375 0.042358 0.0831457 0.096092 0.114713 0.125839 
0.130019 0.152913 0.175094 0.17779 0.1853 0.174076 
0.215507 0.193492 0.198805 0.231795 0.210301 0.181366 0.130581 
0.107184 0.112629 0.145607 0.178944 0.171114 0.151322 0.143032 
0.202062 0.236805 0.226656 0.187444 0.133518 
0.107291 0.107291 0.116199 0.123688 0.139099 0.144135 0.141679 
0.276549 0.255856 0.21523 0.149454 0.107726 0.120399 
0.262789 0.164113 0.150583 0.153143 0.160148 0.1731 0.171888 0.159034 
0.224107 0.219103 0.196104 0.1924 0.208032 0.170562 
0.133532 0.136251 0.128134 0.122716 0.122491 0.122491 
0.137385 0.139891 0.136671 0.126788 0.126134 
0.302442 0.282727 0.247011 0.223581 0.17721 0.178972 0.18925 0.134938 0.0884501 
0.165201 0.212464 0.217781 0.173215 0.125055 0.131154 0.14881 
0.136553 0.142031 0.152504 0.170745 0.171428 0.123747 
0.0796894 0.0586094 0.0852059 0.0956413 0.105937 0.122764 
0.115733 0.165139 0.20591 0.205381 0.200008 
0.115425 0.129314 0.153938 0.165046 0.157694 
0.239591 0.18686 0.17561 0.224043 0.230659 0.193021 0.16061 0.11764 
0.235177 0.220037 0.182996 0.130786 0.0923188 
0.258058 0.258058 0.352767 0.376137 0.353576 0.324505 0.238822 0.216091 0.205607 0.161592 0.109328 0.0849115 0.0812402 
0.141318 0.148787 0.136426 0.120859 0.121168 
0.2798 0.257316 0.194329 0.148179 0.151985 0.140533 0.144687 0.129532 0.0906434 
0.147079 0.14325 0.127331 0.109839 0.0902514 
0.422337 0.422337 0.449733 0.387205 0.266865 0.224436 0.207326 0.158366 0.0984195 
0.155973 0.16693 0.157601 0.192159 0.213742 
0.0939948 0.105471 0.133831 0.139407 0.124652 0.117429 0.123554 0.132812 
0.188386 0.19702 0.193976 0.195296 0.197386 
0.0921778 0.111296 0.112044 0.116114 0.147311 0.158015 0.176106 0.213438 
0.0907465 0.0667933 0.0595931 0.0637631 0.0704942 
0.221218 0.204477 0.193641 0.168473 0.124332 
0.126916 0.120652 0.111688 0.13347 0.161345 0.160822 
0.152647 0.173729 0.210511 0.191381 0.2057 0.277143 0.342039 0.353407 0.353407 
0.101565 0.141743 0.173452 0.210708 0.192338 0.148784 
0.315674 0.272323 0.212517 0.2056 0.198163 0.176632 0.157655 0.139148 0.109654 
0.301389 0.26943 0.233929 0.207913 0.168323 0.136979 
0.230716 0.184937 0.112358 0.0748204 0.0765888 0.0909026 
0.112351 0.141867 0.166907 0.175528 0.184147 
0.160016 0.137587 0.12765 0.150069 0.171951 
0.110325 0.113986 0.115503 0.127154 0.145068 
0.101023 0.111717 0.143869 0.15742 0.138341 0.114252 0.0777828 0.0548009 
0.143176 0.15377 0.135134 0.164112 0.1801 
0.135549 0.151674 0.163166 0.17518 0.188637 0.180246 
0.083274 0.0866602 0.111297 0.145486 0.190466 0.213005 0.174914 
0.13827 0.153426 0.171139 0.159133 0.135198 0.146931 0.152546 
0.0855365 0.0754774 0.0807232 0.0826964 0.0746988 0.0707611 
0.25005 0.237828 0.195089 0.120302 0.106447 
0.117964 0.1191 0.127592 0.132335 0.162102 0.21484 0.236467 
0.0853832 0.149999 0.187847 0.196654 0.150899 0.103835 0.0761852 
0.156627 0.180899 0.161027 0.13877 0.19873 0.28859 0.325532 0.35367 
0.152995 0.15246 0.150106 0.162177 0.1704 0.153031 
0.0793823 0.0902741 0.0959738 0.156141 0.191108 0.195345 
0.124622 0.151725 0.171836 0.133927 0.099106 
0.372248 0.41449 0.423199 0.35141 0.269116 0.222556 0.20868 0.207428 
0.141741 0.136152 0.15655 0.207339 0.233732 0.270546 
0.222381 0.218452 0.166667 0.146255 0.162659 
0.35478 0.35478 0.350977 0.266719 0.194493 0.176093 0.198045 
0.112174 0.105255 0.0861746 0.0656883 0.101352 0.123501 
0.153606 0.137067 0.191993 0.252919 0.311516 0.277975 0.216532 0.249655 
0.0895621 0.0788957 0.106871 0.139747 0.180205 
0.327942 0.274831 0.247885 0.237506 0.178851 0.153735 0.142991 0.127414 0.101113 0.0888628 
0.102168 0.120309 0.170611 0.214481 0.209418 
0.166748 0.118378 0.098623 0.0857376 0.0778534 0.159862 
0.10555 0.157992 0.213406 0.199279 0.214627 0.241529 0.201229 0.220222 0.31368 
0.207429 0.195341 0.164099 0.198057 0.252907 0.215159 0.208958 0.168684 
0.117172 0.165213 0.187169 0.135432 0.103499 0.101987 0.100158 0.11482 
0.155629 0.179996 0.205249 0.220846 0.211922 
0.180331 0.225177 0.252707 0.272162 0.277946 
0.0977463 0.124898 0.192812 0.259824 0.249252 0.274727 0.343598 
0.188383 0.211998 0.223034 0.209162 0.19358 0.171581 0.161565 
0.0857354 0.0862304 0.10594 0.143141 0.180083 
0.120306 0.120145 0.138951 0.149611 0.152592 
0.102089 0.0670943 0.0791038 0.0900257 0.110692 
0.13352 0.12123 0.134108 0.166847 0.176782 
0.117245 0.139615 0.15781 0.14196 0.144341 
0.171918 0.165392 0.198958 0.213918 0.199376 
0.106898 0.0991287 0.104823 0.108582 0.140969 0.19275 0.196327 0.1519 0.116514 
0.328573 0.328573 0.369933 0.379023 0.318389 0.233777 0.190215 0.195535 0.163049 0.115657 
0.185523 0.147222 0.126521 0.10197 0.0864243 0.090334 
0.145767 0.175798 0.188854 0.218839 0.211775 0.195811 0.270269 0.332286 
0.0910252 0.101255 0.108533 0.105598 0.124315 0.165568 0.155426 
0.0754134 0.0816979 0.0874473 0.0989556 0.122849 0.118598 0.113547 
0.398218 0.363197 0.289667 0.200004 0.147407 0.176837 0.195103 0.183177 
0.321957 0.393582 0.42217 0.340254 0.256495 0.229407 0.218988 0.177841 
0.14033 0.131779 0.124041 0.101988 0.136375 0.214394 
0.223818 0.182892 0.165442 0.151063 0.126662 
0.186418 0.19707 0.206288 0.217578 0.230486 0.210917 0.171229 0.191409 0.275865 0.377378 0.399234 
0.455133 0.362449 0.263046 0.225301 0.188556 0.148121 
0.108958 0.111421 0.121689 0.125961 0.1193 
0.125723 0.0976706 0.183664 0.322132 0.387537 
0.172926 0.155545 0.14035 0.135383 0.13471 0.1244 
0.0918034 0.137872 0.195432 0.22269 0.235331 0.223087 0.181639 0.136812 
0.235837 0.245049 0.231892 0.245508 0.260908 
0.0814474 0.0934055 0.109295 0.131859 0.152941 
0.176231 0.154914 0.167749 0.240627 0.316486 
0.212463 0.150118 0.103639 0.0905806 0.111223 
0.40063 0.40063 0.394219 0.285558 0.192108 0.151003 0.182763 0.214408 
0.140655 0.145202 0.141447 0.187016 0.27712 0.345653 0.353815 0.427394 0.483244 
0.215177 0.242499 0.165771 0.124817 0.138846 0.164687 
0.217303 0.215491 0.175055 0.154419 0.161063 0.161786 0.153177 
0.0829401 0.136533 0.160207 0.147778 0.15771 0.153461 0.146057 0.203752 0.222777 
0.141381 0.160912 0.141042 0.10653 0.0959975 
0.173413 0.160757 0.159682 0.148482 0.149427 0.149427 
0.132255 0.218201 0.262858 0.246339 0.211289 0.203111 
0.394032 0.292875 0.199655 0.157467 0.186576 
0.211932 0.234264 0.26613 0.277167 0.300266 0.328501 
0.154585 0.195559 0.227863 0.227632 0.28915 0.34261 0.370446 0.344591 0.274061 0.215275 
0.104021 0.11808 0.16054 0.211318 0.236757 0.302477 0.410722 0.340106 0.328752 
0.107809 0.104652 0.135281 0.196611 0.205359 
0.116096 0.162498 0.180436 0.179267 0.217272 0.301148 0.372767 0.401826 0.346693 
0.141607 0.17635 0.211644 0.219861 0.258311 
0.159582 0.1409 0.113353 0.09838 0.0989704 0.118434 
0.160669 0.146879 0.137553 0.134492 0.12184 
0.353715 0.326706 0.285663 0.214627 0.159131 0.173062 
0.104077 0.0949985 0.102459 0.111726 0.112459 0.137066 0.168173 0.250723 0.34663 0.446008 
0.235262 0.207228 0.157504 0.123842 0.117894 0.114494 
0.163717 0.172558 0.163694 0.159081 0.153973 0.130649 0.180468 
0.14936 0.0720825 0.0928654 0.103833 0.135308 0.203596 0.213359 
0.172898 0.155293 0.217053 0.318999 0.390614 
0.347836 0.25447 0.17062 0.156423 0.175941 
0.138069 0.199605 0.253057 0.294835 0.321278 
0.0963997 0.108737 0.130868 0.157294 0.17344 
0.121797 0.151525 0.157083 0.127682 0.130013 0.213129 0.254868 0.250974 0.218611 0.191849 
0.135405 0.138967 0.150435 0.156078 0.168977 
0.224685 0.239615 0.19521 0.14215 0.111363 0.111813 0.123453 0.133636 
0.107514 0.12919 0.145978 0.147898 0.160031 
0.127032 0.132409 0.185517 0.286766 0.374234 
0.166161 0.166161 0.151972 0.180752 0.1872 0.202402 
0.40684 0.305754 0.234968 0.169389 0.149412 0.138313 0.127492 
0.094164 0.10957 0.148387 0.190116 0.185271 0.214245 0.31249 0.390172 0.391679 0.366547 0.366547 
0.364232 0.392427 0.429729 0.383412 0.304659 
0.485464 0.433691 0.36725 0.306616 0.234531 0.215386 
0.15368 0.163519 0.185931 0.189628 0.191056 
0.332982 0.269066 0.181768 0.0894724 0.0780638 
0.181773 0.1988 0.211701 0.202993 0.182697 0.198931 0.181681 0.148452 0.19348 0.226603 
0.223639 0.226837 0.219524 0.223589 0.250133 0.259432 0.298055 
0.140781 0.174554 0.158193 0.119039 0.108064 0.113756 0.119632 
0.126133 0.117902 0.126152 0.123193 0.116308 0.0978718 0.138773 0.191343 0.191343 
0.190714 0.209944 0.25132 0.375348 0.464011 0.415054 0.384912 0.384912 
0.200136 0.200136 0.182247 0.281163 0.3435 0.317013 0.247855 0.15664 
0.189326 0.186004 0.162371 0.152191 0.136071 0.126211 
0.139992 0.188475 0.208813 0.208609 0.237755 0.279884 0.276127 0.286399 0.364522 0.399432 
0.227525 0.222719 0.223408 0.21672 0.209175 0.214039 0.189162 
0.0778761 0.0778761 0.0815171 0.12419 0.170039 0.208233 0.178197 0.126218 0.071574 
0.157013 0.167346 0.158188 0.132288 0.0991393 0.0862699 
0.14634 0.149937 0.175177 0.188348 0.18467 
0.0948853 0.0773325 0.0873741 0.08937 0.103981 0.101625 
0.122228 0.132356 0.155013 0.208429 0.268129 0.324648 0.345534 
0.361891 0.352644 0.31952 0.305773 0.257628 0.212769 0.19897 0.20929 0.201094 0.149759 
0.389884 0.352181 0.296869 0.243711 0.212062 0.154959 0.126841 
0.164521 0.166936 0.153978 0.150265 0.142987 
0.143438 0.1797 0.183005 0.210121 0.254264 0.27267 0.328985 0.386396 0.402387 
0.197734 0.232324 0.243713 0.316098 0.402635 0.407265 0.355901 0.291932 
0.158404 0.209991 0.197195 0.221282 0.296859 0.323102 0.342598 0.294567 0.196609 0.172427 0.172427 
0.301471 0.297806 0.295401 0.25962 0.217289 0.197336 
0.060546 0.0814697 0.121352 0.151642 0.154871 0.136898 0.143467 0.14334 
0.264197 0.263517 0.209404 0.160436 0.147724 
0.132017 0.125408 0.122297 0.162571 0.220271 0.19363 0.125874 
0.194349 0.195573 0.210784 0.205752 0.175847 0.140758 
0.271621 0.167386 0.192154 0.267013 0.257606 0.214702 0.204598 0.212414 0.196219 
0.206437 0.217669 0.188004 0.136395 0.127002 
0.469045 0.461392 0.365204 0.276755 0.244414 0.230217 0.151728 0.0875683 0.089192 
0.0966114 0.112564 0.149531 0.184478 0.16498 0.147422 0.186766 0.241735 0.259933 0.24997 0.219116 0.217941 
0.151705 0.172134 0.195915 0.202919 0.195889 
0.312025 0.213357 0.151737 0.182379 0.181739 0.168932 0.174654 0.139693 0.0991109 
0.238874 0.124903 0.120552 0.129807 0.158961 0.206117 0.221036 
0.146581 0.128574 0.0873737 0.103596 0.103596 
0.211202 0.205309 0.191348 0.185898 0.162246 0.159049 0.1381 0.0993542 
0.252203 0.274947 0.215271 0.156611 0.189186 0.212931 0.209355 0.178061 
0.142307 0.184305 0.225993 0.280308 0.384843 0.415795 
0.170697 0.177174 0.174431 0.122448 0.100533 
0.12626 0.17955 0.21705 0.247954 0.304029 0.369796 
0.13419 0.151807 0.158138 0.155714 0.196237 0.270096 0.339867 0.354996 0.337853 0.308535 
0.197692 0.247298 0.192119 0.159061 0.141554 
0.291089 0.293589 0.325404 0.285897 0.229565 0.143954 0.137677 
0.157518 0.141063 0.111839 0.106545 0.123196 
0.0820905 0.0842266 0.0906466 0.0961919 0.0825972 0.0722743 
0.322764 0.306512 0.237807 0.180963 0.132972 0.139325 
0.175609 0.143498 0.105379 0.081815 0.091665 
0.145923 0.159028 0.195778 0.262578 0.368049 0.392621 0.392621 
0.145829 0.162067 0.186462 0.201685 0.203052 
0.116965 0.104137 0.128694 0.161556 0.160567 
0.116473 0.140938 0.137454 0.103367 0.100078 0.10795 
0.234908 0.237339 0.219092 0.158095 0.0951919 0.0900711 0.0913585 0.117123 0.147867 0.178961 
0.104636 0.0946698 0.129453 0.17044 0.224105 0.30942 0.388009 
0.369201 0.405984 0.427724 0.331218 0.239502 0.222673 0.190965 0.139844 0.0926351 0.114088 
0.206101 0.267543 0.286975 0.244869 0.195073 0.25326 0.312714 0.32545 0.32545 
0.131762 0.174703 0.188525 0.207422 0.19271 
0.0909587 0.0907046 0.118634 0.186519 0.239569 0.243665 0.290317 0.326381 
0.182278 0.141679 0.0969157 0.0652505 0.064776 0.0672637 0.0789485 
0.0873483 0.0873483 0.0697416 0.0738212 0.0855525 0.0980894 
0.145357 0.156377 0.162695 0.173768 0.168039 
0.190499 0.197236 0.202996 0.189585 0.133463 
0.109937 0.0701503 0.0797301 0.110291 0.178921 0.199993 
0.120627 0.13504 0.164914 0.189771 0.19546 0.208613 0.263594 0.336872 0.353394 0.384506 0.398897 
0.0819423 0.0950997 0.125298 0.160999 0.188709 0.237882 0.29041 0.315305 0.36491 0.430679 0.43727 
0.145344 0.15641 0.168639 0.196306 0.257296 0.282758 0.242977 0.225613 0.319669 
0.326067 0.297834 0.24756 0.226287 0.184921 
0.124328 0.201598 0.210765 0.220104 0.293783 0.293783 
0.226007 0.218766 0.196423 0.18822 0.180617 0.199045 0.174522 
0.169414 0.211498 0.197533 0.169552 0.203267 0.230253 
0.083737 0.109065 0.158281 0.207127 0.235802 0.27677 0.290865 
0.382662 0.316992 0.238163 0.226282 0.228456 0.168567 
0.297512 0.207577 0.186209 0.161917 0.107124 
0.118881 0.0769039 0.0724685 0.0960048 0.157036 0.184193 
0.106054 0.129956 0.148916 0.172048 0.162338 
0.128727 0.153305 0.188042 0.202848 0.190203 0.195063 0.236061 0.255539 0.232189 
0.154427 0.1537 0.146921 0.170693 0.229952 0.281266 
0.262563 0.253057 0.215638 0.16196 0.111342 0.078267 0.101494 
0.0810426 0.0565937 0.0721763 0.105397 0.19646 
0.168759 0.165842 0.176399 0.196251 0.252833 0.253446 
0.358794 0.298733 0.206972 0.138496 0.12435 0.109347 0.120742 
0.102856 0.0810651 0.104593 0.166716 0.183639 0.182266 0.223117 
0.16732 0.113612 0.110901 0.170504 0.187266 
0.24979 0.18297 0.161945 0.150002 0.119531 0.0815745 0.0816894 0.0873516 
0.364182 0.317137 0.238474 0.198047 0.181262 0.155656 0.117494 
0.228129 0.204174 0.21333 0.232979 0.211995 0.228707 0.296168 
0.298999 0.279228 0.195753 0.158828 0.183108 0.152021 0.14714 
0.111488 0.149283 0.195499 0.210339 0.183675 0.132728 0.0939633 0.0922287 
0.345503 0.271106 0.168461 0.174935 0.232982 
0.215541 0.136573 0.147432 0.145287 0.154025 0.191032 0.187255 0.175534 0.159543 
0.121416 0.073662 0.0783427 0.076588 0.0835949 0.138537 0.187579 0.269191 0.351854 
0.16897 0.160006 0.131608 0.148842 0.15802 0.145888 
0.11207 0.103809 0.0974578 0.0732991 0.0837791 
0.336961 0.350553 0.281516 0.195904 0.157516 
0.102747 0.103415 0.117676 0.11559 0.144346 0.184544 0.188584 0.162437 
0.370035 0.351444 0.259706 0.181165 0.194207 0.196771 0.169356 0.167819 0.170949 0.13024 
0.138391 0.110466 0.107891 0.0970626 0.104078 
0.203896 0.186554 0.188664 0.181076 0.184051 0.149375 
0.154911 0.159499 0.165164 0.151957 0.137543 
0.134068 0.136319 0.191839 0.265884 0.3444 0.345301 0.345301 
0.376314 0.356295 0.291934 0.220169 0.190405 
0.112844 0.157171 0.219863 0.2411 0.241175 
0.248336 0.248336 0.337631 0.376674 0.302927 0.210393 0.128815 0.154684 0.159178 0.138161 
0.121395 0.152168 0.146898 0.137423 0.170103 
0.123454 0.140672 0.175716 0.194256 0.216069 
0.362712 0.362712 0.370854 0.349897 0.282562 0.22068 0.210647 0.192361 0.143218 0.104604 0.0902141 
0.213512 0.188482 0.1719 0.139691 0.108991 
0.1416 0.196466 0.217245 0.22057 0.273958 0.323361 0.342534 0.358287 
0.442958 0.436099 0.35864 0.30351 0.279381 0.215468 0.180006 0.177443 0.147687 0.108425 0.0981808 
0.0791734 0.0847846 0.126052 0.144001 0.162946 0.201284 
0.142428 0.189432 0.216463 0.261539 0.363137 
0.16991 0.16991 0.137883 0.12487 0.101337 
0.163601 0.188575 0.17554 0.180842 0.178626 0.162312 0.158224 0.150268 0.168511 0.277562 
0.12299 0.137247 0.138119 0.148226 0.160795 0.13308 0.132446 
0.0823306 0.111392 0.151333 0.175626 0.183355 
0.18935 0.16461 0.16764 0.197024 0.238731 0.249403 
0.0924631 0.0960965 0.114024 0.122134 0.141476 0.222606 
0.103564 0.128526 0.173069 0.184199 0.184372 0.205516 0.28399 0.372366 0.394323 0.347051 
0.139232 0.124419 0.11372 0.156887 0.194875 
0.113173 0.108313 0.105824 0.113166 0.116252 
0.11028 0.14323 0.159547 0.191883 0.215694 
0.298038 0.244985 0.178785 0.154358 0.147872 0.125967 
0.118778 0.134597 0.115572 0.0945209 0.0970093 0.143548 
0.111055 0.124008 0.138911 0.17783 0.227358 0.257562 
0.292619 0.256122 0.227713 0.216075 0.222338 
0.249216 0.220874 0.225988 0.17634 0.120257 0.100841 
0.123322 0.110056 0.0867078 0.0781034 0.090663 0.0878874 
0.141813 0.141813 0.105258 0.0691084 0.0661377 
0.0354978 0.115972 0.179505 0.209448 0.218154 0.2825 0.412507 0.439699 
0.12213 0.137593 0.135041 0.126456 0.119379 0.119715 
0.150523 0.171636 0.179597 0.217341 0.236093 
0.180327 0.197772 0.192903 0.265204 0.369625 0.364529 
0.107037 0.0688835 0.0905417 0.0962238 0.10654 
0.135665 0.184022 0.22797 0.210676 0.175908 0.142931 0.133116 
0.391655 0.391655 0.414471 0.343945 0.252499 0.217891 0.200116 
0.269133 0.321048 0.355635 0.388156 0.460935 0.486048 
0.279854 0.242442 0.213055 0.228376 0.225459 0.19786 0.189807 0.150057 0.0997809 
0.137075 0.131936 0.184179 0.28679 0.387744 0.393132 0.393132 
0.0805683 0.119184 0.148594 0.167598 0.169004 0.133897 0.1051 
0.171985 0.123948 0.155218 0.156825 0.134844 
0.23235 0.130831 0.1049 0.0982873 0.125545 
0.113265 0.142501 0.184713 0.201154 0.15468 0.117447 0.120327 0.11713 0.10635 
0.223159 0.214051 0.174537 0.160414 0.182775 0.275006 0.390775 
0.185501 0.23288 0.267531 0.301761 0.359997 0.397527 
0.410088 0.375848 0.360664 0.268901 0.20181 0.163375 0.146625 0.134701 0.133262 
0.159832 0.16008 0.195046 0.200252 0.226612 0.286774 0.299089 
0.150002 0.178959 0.265601 0.346841 0.395435 0.405526 
0.287201 0.287201 0.313351 0.350303 0.357013 0.3184 0.25361 0.210065 0.211282 0.182418 0.135548 0.10075 0.0929419 
0.136224 0.0908971 0.0593258 0.0931381 0.108036 0.120271 
0.106003 0.0726158 0.0623285 0.0742011 0.0980569 0.136695 0.180757 
0.133113 0.149173 0.136578 0.142664 0.18005 0.21149 0.208975 
0.14248 0.148139 0.134377 0.124552 0.117199 
0.177512 0.172929 0.196923 0.218309 0.180032 0.135532 0.109153 
0.212269 0.173639 0.161496 0.154229 0.163696 
0.152609 0.149267 0.138952 0.13046 0.177834 0.251982 0.222911 
0.114491 0.112302 0.121494 0.160371 0.204697 0.24742 
0.0741486 0.0874285 0.102182 0.0978294 0.0684178 
0.115798 0.154438 0.179611 0.173194 0.21339 0.275174 0.332652 0.38489 0.337423 0.294487 
0.155295 0.207013 0.194433 0.223574 0.320111 0.396235 0.38268 
0.163954 0.140224 0.103999 0.0811697 0.100469 0.147452 0.193687 0.282389 
0.101935 0.111385 0.130666 0.129413 0.111276 0.119903 0.131877 0.155796 0.174801 
0.127627 0.166731 0.221125 0.207821 0.175846 0.134917 0.0946032 0.0903583 
0.220863 0.207445 0.176381 0.142041 0.117947 0.114769 
0.323042 0.322506 0.302692 0.24895 0.273668 
0.147921 0.117795 0.0967157 0.080373 0.0686906 
0.0981277 0.126088 0.172615 0.175283 0.149093 
0.167198 0.165044 0.165446 0.192272 0.254232 0.293825 
0.178319 0.204171 0.215185 0.200468 0.186479 0.16208 0.144077 0.14952 0.157385 
0.110927 0.132159 0.16605 0.165747 0.165747 
0.137065 0.14113 0.163223 0.226125 0.31347 0.337104 
0.286734 0.286734 0.292733 0.334031 0.335946 0.295104 0.21973 0.141542 0.156957 0.1633 0.143276 0.114459 
0.176584 0.225432 0.21269 0.229827 0.279457 0.30947 0.287697 
0.0987163 0.0960417 0.126544 0.150042 0.189182 0.228959 0.210369 0.154171 
0.260825 0.242597 0.198095 0.153574 0.108275 0.0848174 
0.149078 0.189814 0.219519 0.239438 0.200661 0.186124 0.207362 
0.136977 0.139241 0.134989 0.118033 0.103024 0.105282 
0.110412 0.132929 0.156845 0.154924 0.140217 
0.229562 0.187834 0.13305 0.0889593 0.0949308 0.117407 0.156326 
0.215704 0.209191 0.291793 0.334363 0.31728 0.243591 0.159357 0.150769 0.165869 0.150468 0.117646 
0.14469 0.14469 0.146519 0.166504 0.183572 
0.189091 0.166307 0.14198 0.12071 0.132377 0.158963 0.152118 
0.218399 0.204102 0.1549 0.175835 0.209789 0.178586 0.15445 
0.158809 0.197054 0.22442 0.219917 0.191231 0.205961 0.237191 
0.0896811 0.0799227 0.0899627 0.1055 0.128617 
0.104819 0.0966958 0.100171 0.11967 0.167363 0.176074 0.17689 0.235688 0.301714 0.304506 0.304506 
0.219045 0.199557 0.153674 0.148088 0.149461 
0.372936 0.372936 0.319717 0.237543 0.19587 0.177444 0.147452 0.113999 
0.218172 0.273092 0.318558 0.324732 0.351439 0.391502 
0.12911 0.148244 0.143872 0.145022 0.171301 0.217447 0.26407 0.241545 0.183501 0.207459 
0.364803 0.364803 0.3982 0.382474 0.312594 0.235866 0.229206 0.1682 0.146108 
0.267337 0.239668 0.282396 0.338449 0.407005 
0.0902768 0.140417 0.151439 0.113137 0.0882133 
0.218048 0.186922 0.185197 0.183352 0.155293 0.211207 0.30343 0.321323 
0.340363 0.340363 0.322179 0.282137 0.207665 0.191391 0.215769 0.195003 0.168498 
0.134876 0.108233 0.0798892 0.089555 0.111517 0.155992 
0.127859 0.109706 0.0759499 0.107541 0.132023 0.128299 
0.139989 0.153799 0.15935 0.130123 0.103933 0.0980906 
0.333736 0.311515 0.322351 0.3273 0.267407 
0.140972 0.173349 0.182346 0.185994 0.20818 0.254624 0.271059 
0.125737 0.117025 0.102683 0.100914 0.116327 0.16267 0.197549 0.161628 0.110553 
0.310566 0.333428 0.322864 0.235316 0.180263 0.141167 0.0908208 0.0867524 0.120399 
0.0903329 0.0792811 0.122372 0.166058 0.251803 0.312586 0.312848 
0.124346 0.164293 0.216117 0.216779 0.182578 0.152973 
0.205998 0.152918 0.164387 0.173384 0.155881 
0.151364 0.16077 0.163902 0.199603 0.255338 
0.171257 0.119515 0.0826516 0.0976378 0.147715 0.203728 0.238836 
0.201902 0.169457 0.164501 0.212939 0.332891 
0.134199 0.133259 0.173653 0.22242 0.240343 0.247931 
0.0741968 0.0703132 0.109539 0.17077 0.194066 0.203555 0.24906 0.343499 
0.324193 0.34084 0.390707 0.408344 0.360072 
0.0893437 0.0920926 0.0866624 0.0638943 0.0816861 
0.43902 0.415569 0.341683 0.262632 0.174943 0.174991 0.18398 0.181119 0.160432 
0.154142 0.144941 0.134055 0.147638 0.171972 0.178927 0.182223 0.149141 0.0917384 
0.39669 0.381234 0.346746 0.314737 0.274014 0.230266 
0.122796 0.146361 0.137514 0.135822 0.175763 0.266992 0.287948 
0.113731 0.126798 0.15949 0.19962 0.217901 0.244651 
0.201934 0.226262 0.19493 0.160508 0.136282 0.116284 0.115407 
0.132602 0.132602 0.14261 0.182023 0.217462 0.204711 0.187358 0.172465 0.138356 0.129524 
0.178774 0.188142 0.229873 0.228786 0.217188 
0.14879 0.14879 0.155122 0.135189 0.0953666 0.0920033 
0.157176 0.154367 0.140717 0.116387 0.105028 0.112765 0.113897 0.0959177 0.077276 
0.223263 0.190088 0.158681 0.151426 0.13851 0.125094 0.12048 
0.133145 0.133145 0.135871 0.157712 0.177222 0.181428 0.180974 0.230818 0.297304 0.297409 0.250007 0.242518 
0.140293 0.151796 0.171897 0.233527 0.328845 0.362248 
0.118254 0.112295 0.12215 0.141325 0.136967 0.147303 0.182347 0.212081 0.22137 0.172036 0.1659 0.198353 
0.147533 0.17657 0.141993 0.100666 0.108122 0.133986 0.154682 
0.378067 0.253615 0.152889 0.0881109 0.0649995 
0.127991 0.134344 0.155063 0.162984 0.152658 0.147928 0.19668 
0.133427 0.15125 0.188226 0.21028 0.206547 0.219493 0.260643 0.265365 0.19373 0.171871 
0.131323 0.132031 0.160462 0.200941 0.146785 
0.122243 0.166991 0.201049 0.208563 0.240296 0.325159 0.336359 0.351433 0.351433 
0.0773736 0.0859763 0.084992 0.0643578 0.0612716 
0.0709664 0.137186 0.206748 0.241156 0.27181 0.267058 0.267058 
0.0574185 0.0807427 0.122794 0.157012 0.164491 
0.0644589 0.0547669 0.0739691 0.101393 0.108104 
0.263815 0.227072 0.216651 0.162592 0.108009 0.0964725 
0.200368 0.190169 0.165324 0.146626 0.145672 0.145672 
0.3528 0.303666 0.214002 0.144141 0.129431 0.12047 0.150725 0.154363 
0.234381 0.297551 0.313064 0.336554 0.363055 0.373006 
0.283305 0.225467 0.258804 0.329976 0.375841 
0.150501 0.0972513 0.0972977 0.115714 0.150183 0.220014 
0.155726 0.164042 0.204646 0.255297 0.200895 
0.143008 0.194991 0.201469 0.185128 0.153337 0.115927 
0.375359 0.375359 0.373307 0.295461 0.237465 0.215687 0.199792 
0.139825 0.110079 0.0587577 0.0547626 0.0627204 0.101859 0.138486 0.159928 0.165533 0.13297 0.108998 
0.387914 0.278595 0.224535 0.203952 0.166017 
0.252935 0.246193 0.223509 0.202554 0.185917 0.169926 0.124372 0.0879087 
0.0743292 0.071379 0.124308 0.165904 0.186504 0.141773 0.0872442 0.0758575 0.0705327 
0.319632 0.220709 0.13579 0.0912148 0.113725 0.120244 0.13502 
0.11014 0.155856 0.195403 0.219015 0.286785 0.378384 
0.186733 0.202985 0.209544 0.172559 0.150868 0.143194 0.130866 0.132486 0.154059 0.189429 
0.287381 0.265169 0.210487 0.167127 0.123835 0.121614 0.131734 
0.187225 0.152046 0.111051 0.0885011 0.0883263 0.0926708 0.140451 0.196952 0.221542 0.213782 
0.174789 0.218261 0.209826 0.188363 0.20009 0.259932 0.334416 0.385652 0.453966 
0.153302 0.15934 0.168146 0.159787 0.15414 0.150976 0.144011 0.204205 
0.346082 0.346082 0.354675 0.317406 0.237948 0.159636 0.149157 0.161662 0.144436 
0.328643 0.360465 0.374821 0.369595 0.36368 
0.246703 0.241273 0.174084 0.105808 0.100367 
0.149482 0.157113 0.171875 0.153874 0.137068 0.146277 
0.159951 0.156351 0.140837 0.192707 0.28145 0.343074 0.346993 0.346993 
0.143279 0.158674 0.188234 0.220773 0.226714 
0.187753 0.170049 0.203297 0.214508 0.191962 0.173256 
0.0986527 0.121616 0.158103 0.204364 0.211859 
0.127024 0.112557 0.128637 0.179463 0.236571 
0.134424 0.111714 0.102548 0.0926029 0.0762383 0.147517 
0.181672 0.138362 0.0946126 0.100238 0.107003 0.108708 0.109446 0.121434 0.126917 0.141551 0.141942 0.131816 0.186879 
0.13739 0.144923 0.18021 0.220053 0.237042 0.265464 0.314078 
0.167956 0.0972549 0.0781367 0.0852178 0.104184 
0.199736 0.180916 0.167923 0.15829 0.145381 
0.0947258 0.137517 0.18521 0.205538 0.165576 0.0995928 0.0649517 
0.231437 0.282164 0.35544 0.365446 0.338887 0.266147 0.195321 0.1801 0.183937 0.164029 0.115153 
0.153814 0.168711 0.220984 0.235144 0.207001 
0.2951 0.216326 0.198663 0.173365 0.102908 
0.154547 0.140195 0.157264 0.149449 0.166791 
0.166358 0.183743 0.19029 0.184193 0.195577 
0.182886 0.194728 0.209804 0.190544 0.167914 0.225622 0.322435 0.393189 0.422652 
0.35241 0.268369 0.240743 0.18754 0.161972 0.20484 0.230279 0.218413 0.165238 0.149493 
0.151119 0.147876 0.142034 0.150215 0.180961 0.20591 0.214605 
0.120414 0.150347 0.235111 0.296131 0.315467 0.254264 
0.141429 0.178716 0.186291 0.211295 0.260688 0.31926 0.329488 0.37434 0.430524 
0.139594 0.134916 0.174735 0.236198 0.273199 0.283377 0.29463 
0.310851 0.296562 0.245557 0.233171 0.247571 0.209326 0.186267 0.149497 0.0930222 
0.126016 0.132646 0.145517 0.146466 0.232994 
0.313776 0.313776 0.35163 0.363491 0.333836 0.233548 
0.119431 0.120555 0.131121 0.140836 0.122357 0.0849574 0.0604735 
0.23585 0.29705 0.310223 0.295366 0.297138 
0.0780896 0.105037 0.160873 0.198465 0.202012 0.167248 0.108606 0.078329 
0.134556 0.143349 0.162755 0.192462 0.201534 0.192204 0.188446 
0.169967 0.146429 0.100939 0.065153 0.0728888 0.0728888 
0.241783 0.240903 0.238296 0.250194 0.244986 0.210926 0.160752 0.147815 0.148613 0.13272 0.12079 0.115412 
0.0709548 0.0924373 0.101879 0.108566 0.113443 
0.149316 0.165385 0.17512 0.165682 0.194713 
0.141624 0.141624 0.132057 0.147883 0.168373 0.175929 0.155887 
0.430517 0.411279 0.387877 0.36136 0.322167 0.286836 0.227878 0.185149 0.205362 0.226464 0.191386 0.174243 
0.331466 0.331466 0.303754 0.222746 0.147437 0.219117 
0.265797 0.240628 0.233453 0.228254 0.197522 0.186354 
0.319766 0.37154 0.351606 0.301133 0.231157 0.192173 0.192575 0.159738 
0.202218 0.182205 0.160377 0.147793 0.149819 
0.0985366 0.123516 0.151198 0.169515 0.199484 0.217602 0.217432 
0.0927754 0.0927754 0.107723 0.122864 0.123775 0.121242 
0.165983 0.210542 0.223273 0.267159 0.322377 0.385494 0.387027 0.282373 0.282373 
0.169821 0.135091 0.206864 0.317238 0.390201 
0.472358 0.402752 0.333996 0.285438 0.271681 0.255181 0.266021 0.266021 
0.439331 0.386744 0.336639 0.338802 0.261791 0.189422 0.147501 0.152261 0.148844 0.14578 
0.164302 0.148877 0.143771 0.132611 0.123217 
0.244039 0.163659 0.113728 0.0676095 0.0731979 
0.0971927 0.100673 0.116602 0.129409 0.133007 0.132022 0.12096 0.157219 
0.354571 0.343632 0.339477 0.321812 0.369262 0.39775 
0.114131 0.128396 0.226347 0.313287 0.333288 0.338707 
0.302694 0.26642 0.147755 0.16658 0.148355 0.127543 0.148434 0.136639 0.0939071 
0.106762 0.152167 0.194662 0.217542 0.234141 0.217579 
0.443672 0.326219 0.258176 0.246758 0.291734 
0.117571 0.157616 0.13799 0.12973 0.169001 0.202938 
0.309693 0.258164 0.226974 0.296438 0.385005 
0.113928 0.105498 0.11187 0.128545 0.173498 0.232683 0.229368 0.209012 
0.184658 0.202168 0.17778 0.156221 0.152074 0.148896 
0.0747928 0.11348 0.161047 0.199265 0.180503 0.128086 0.0697379 
0.162432 0.193036 0.2255 0.188831 0.179506 
0.385074 0.363988 0.302088 0.260558 0.235781 0.193284 0.131343 0.10713 0.113301 
0.132343 0.125072 0.139544 0.150286 0.150841 0.266435 0.326758 
0.180114 0.145801 0.109233 0.0865119 0.0827577 
0.244284 0.186786 0.181907 0.182031 0.145076 
0.190873 0.183827 0.182079 0.177228 0.181213 0.198859 
0.356723 0.312952 0.276792 0.259985 0.242852 0.201565 0.183833 0.160012 0.115361 
0.133625 0.142626 0.146903 0.145981 0.146673 0.193898 0.265563 
0.305453 0.321839 0.34996 0.353209 0.271495 0.179856 0.133411 0.14993 0.139533 0.122415 0.110832 
0.137204 0.149977 0.169183 0.166497 0.18631 0.21508 
0.203847 0.213975 0.201218 0.156063 0.131661 
0.0687103 0.082227 0.105413 0.114842 0.111515 0.0913167 
0.227223 0.223956 0.18846 0.190544 0.210997 0.182905 0.163219 
0.119021 0.112288 0.107044 0.11871 0.183149 0.268997 
0.17245 0.191709 0.209342 0.214545 0.241791 0.29848 0.330061 0.336682 0.326251 
0.120943 0.118883 0.106082 0.0992921 0.0906644 0.12292 0.131698 
0.226221 0.218514 0.185521 0.194168 0.206846 
