350.868 298 169.366 147 965 151 
347.662 301 170.642 119 976 151 
32.6755 32 13.8677 4 69 151 
34.2384 34 16.1269 0 72 151 
37.106 38 16.253 0 72 151 
29.7219 30 13.4125 4 68 151 
32.9272 32 15.4144 0 74 151 
32.7881 32 13.701 1 66 151 
32.1788 32 15.3442 5 77 151 
31.4106 31 13.8091 3 77 151 
30.4967 30 13.3882 0 70 151 
34.649 33 14.8748 4 81 151 
353.172 306 174.728 123 972 151 
31.4305 31 13.8332 5 68 151 
32.9272 33 13.4446 3 83 151 
30.1258 29 14.4705 2 66 151 
33.947 34 15.52 3 74 151 
30.1391 29 14.396 7 87 151 
32.9205 32 14.6769 3 69 151 
29.8013 29 12.3755 1 68 151 
31.7219 31 13.3254 0 66 151 
34.0066 34 15.4433 3 75 151 
31.7285 31 16.1901 3 79 151 
352.119 306 173.844 127 1004 151 
31.9073 31 14.0096 0 73 151 
29.6093 28 13.3724 2 67 151 
32.1987 31 13.5241 2 70 151 
34.8411 33 15.6176 8 77 151 
34.894 34 13.7456 4 68 151 
30.8278 30 14.9022 2 63 151 
30.0927 29 13.9 2 75 151 
30.2649 29 13.4803 4 67 151 
30.6159 30 14.7126 2 71 151 
34.7086 33 16.2841 1 75 151 
348.517 298 169.09 139 992 151 
32.0331 30 14.3058 4 80 151 
32.3974 33 14.0378 4 67 151 
32.6821 33 13.0264 0 72 151 
35.6556 37 15.0077 3 86 151 
27.1192 26 14.9613 1 61 151 
35.2517 35 14.7586 4 74 151 
33.4901 34 13.8123 3 73 151 
29.8344 30 14.1405 1 80 151 
34.6556 34 14.8128 6 80 151 
31.8808 32 13.3237 2 64 151 
345.828 288 170.481 119 1034 151 
28.3179 27 12.9218 2 59 151 
35.4106 34 15.2325 6 78 151 
32.0927 32 15.2924 4 72 151 
34.457 33 15.9804 8 78 151 
28.4172 27 13.4269 0 60 151 
29.0331 28 13.4787 2 86 151 
28.9536 28 14.038 2 62 151 
36.1391 35 13.676 5 81 151 
30.7219 30 13.3675 7 64 151 
35.6887 35 14.6261 5 89 151 
347.609 301 168.373 131 1036 151 
36.1589 36 15.2094 3 77 151 
29.457 28 14.3535 2 75 151 
30.4834 29 14.8524 1 64 151 
29.9536 29 15.6845 3 72 151 
32.8742 31 15.9993 0 74 151 
34.0397 34 13.9093 4 72 151 
36.5894 35 15.7939 3 72 151 
37.1987 37 14.501 3 76 151 
33.6887 33 16.9979 7 108 151 
350.894 303 169.816 118 1046 151 
32.6026 32 14.6297 2 74 151 
