# command_history: dirflip 12_init.txt 12.txt -cartesian  (version=3.0.4-dirty)
0.43456216684872 -0.669611329169057 -0.602309215430242
-0.400807525631859 0.451279765632014 -0.797307908231181
-0.560035580438987 -0.683828795524815 -0.467694694275494
0.856316362027401 0.492022598673991 -0.156958754194376
0.0455458397329727 0.984089288392784 0.171737733051311
-0.77262574155808 0.0375604096105452 0.633749697523964
-0.942682542730805 0.332792215154676 0.0244737647906297
-0.283325367422669 -0.826424910006442 0.486568190797193
0.512625979641961 -0.83039980813588 0.218290548682288
0.830864088720705 0.04632782734919 0.554543594758262
0.138428827756011 0.335209017836607 0.931918652033059
0.258136000852064 0.262700083257425 -0.929706658748148
