# command_history: dirflip 24_init.txt 24.txt -cartesian  (version=3.0.4-dirty)
0.384756515209046 0.777963368558556 -0.496724693552893
-0.668588638606269 0.490110982821053 0.559267786346396
-0.125813855917705 0.434131658399307 0.892020502474347
0.553931932312834 -0.719943676492126 0.418139351225368
0.710452341273365 0.355862573838488 -0.607140263300204
-0.00150395520878084 0.985737325140364 0.168284473270264
0.722002596245726 0.588350109213033 0.364082957584454
0.079500434638343 -0.942165080812859 0.325583539800791
0.262697579746655 -0.78530267869758 -0.56061545146888
-0.917269554488062 0.0493468302943173 0.395197994363807
0.507221907047136 -0.262211417527684 0.820957434663692
-0.521959709625873 0.848618593666563 0.0860496601426184
-0.855942327995459 0.319260098093046 -0.406737901985214
-0.463274277737809 -0.88618595671739 -0.00716894018632363
-0.829930044009883 -0.536121586620396 0.154239315381594
0.513983100013929 -0.0882892332819444 -0.853244621539777
-0.151087573450641 0.637298933143303 -0.755660383349031
-0.0637482087213287 0.0518307889278828 -0.996619152537184
-0.785950063156333 -0.149923498729031 -0.599837847049853
0.396073547775834 0.338238656654135 0.853651191000792
-0.281123951839799 -0.765792327797945 -0.57838692446128
0.989463051118268 0.107850650137986 0.0965976590634705
-0.275482566702396 -0.400723276536861 0.873802157862192
0.879860969973263 -0.469832531537142 -0.0714287465038384
