# command_history: dirsplit 24.txt 24_1of2.txt 24_2of2.txt -cartesian -force  (version=3.0.4-dirty)
-0.125813855917705 0.434131658399307 0.892020502474347
-0.521959709625873 0.848618593666563 0.0860496601426184
0.079500434638343 -0.942165080812859 0.325583539800791
-0.917269554488062 0.0493468302943173 0.395197994363807
-0.855942327995459 0.319260098093046 -0.406737901985214
-0.785950063156333 -0.149923498729031 -0.599837847049853
-0.829930044009883 -0.536121586620396 0.154239315381594
-0.275482566702396 -0.400723276536861 0.873802157862192
-0.463274277737809 -0.88618595671739 -0.00716894018632363
-0.668588638606269 0.490110982821053 0.559267786346396
-0.281123951839799 -0.765792327797945 -0.57838692446128
0.507221907047136 -0.262211417527684 0.820957434663692
