# command_history: dirsplit 24.txt 24_1of2.txt 24_2of2.txt -cartesian -force  (version=3.0.4-dirty)
-0.0637482087213287 0.0518307889278828 -0.996619152537184
0.262697579746655 -0.78530267869758 -0.56061545146888
0.989463051118268 0.107850650137986 0.0965976590634705
0.384756515209046 0.777963368558556 -0.496724693552893
0.879860969973263 -0.469832531537142 -0.0714287465038384
0.710452341273365 0.355862573838488 -0.607140263300204
0.396073547775834 0.338238656654135 0.853651191000792
0.513983100013929 -0.0882892332819444 -0.853244621539777
0.722002596245726 0.588350109213033 0.364082957584454
0.553931932312834 -0.719943676492126 0.418139351225368
-0.151087573450641 0.637298933143303 -0.755660383349031
-0.00150395520878084 0.985737325140364 0.168284473270264
