# command_history: dirflip 60_init.txt 60.txt -cartesia  (version=3.0.4-dirty)
-0.245334728765522 -0.72867479240453 -0.63940903792155
0.245813030094644 -0.363500675425285 -0.898578440204889
0.225305116653016 -0.938181788409132 -0.262778492855511
-0.521108138256952 -0.815825022321445 0.25075055572538
-0.336469676700788 0.281618308538067 -0.898598511548414
-0.713557171988364 0.577582034369663 0.396528884039195
0.129550587769708 0.935043984983641 0.330014229018139
0.440765999221897 0.811509962214299 0.383636436169545
0.469400640167674 0.122417638753951 -0.874458095469466
0.0672499155588867 -0.936190753150888 0.344999018219032
-0.705052231889623 -0.623814049009375 -0.337279383547217
0.258007881504266 0.598150638700614 -0.75871453558221
0.325554213513894 -0.626013148535972 0.708605667436712
0.0435391978612337 0.55653354142193 0.829683527329527
0.804005881134317 -0.29753525723197 0.514827460228507
-0.551963730840305 0.49120062467953 0.673838249249248
-0.267538570147118 -0.815654390766691 0.512962989217209
0.996861618269721 -0.01936860218566 -0.0767578743194861
-0.77490130632092 -0.585033566933126 0.239298330590991
-0.205054869584154 -0.314780295276238 0.926750163833614
0.769108346908236 -0.244422148934637 -0.590533795668169
0.206901969593378 -0.0464654566839104 -0.977257661169017
0.600864136865436 -0.780208569950932 0.173887539530805
-0.62932735359122 -0.249575516165401 -0.735974961362576
-0.535443592483893 0.829414644925672 0.159284355951125
-0.527751355747147 0.195325352568425 0.826635659254468
0.792172144757548 0.359999531758943 -0.492811962317849
-0.9621880890208 -0.190467045601288 -0.19472130311401
-0.820221470119057 0.511487421792246 -0.256158851699593
0.844251651261712 0.0407028441555776 0.534399127824438
0.545490507742794 0.559552335476646 0.623972186740034
-0.263316655222533 0.637418707018101 0.724128255922796
0.079460781750789 0.235485708032016 0.968624006246084
-0.345192681388422 -0.412460538780371 -0.843041112084623
-0.036514527488109 0.76643043531562 -0.641288606716375
-0.00370669428553937 0.999782881997321 0.0205048599752539
-0.354444357408739 0.830367561866099 -0.429952217928524
0.0703957661217657 -0.827255313013301 -0.557398495874715
0.0661986057450817 -0.490482526284319 0.868933044605371
0.569642586341019 -0.402465945196628 0.716609019468566
0.373194560031149 0.0710855230493853 0.925025766547047
-0.07682091791629 0.122797541956508 -0.989454046563022
-0.87135240398103 -0.483537009937655 -0.0832883431041292
-0.954684002773127 0.134163795010091 -0.265666202136383
-0.901183889377056 0.308375459882465 0.304585247951243
-0.539428037230241 -0.403287690451966 0.739172802110473
-0.629863145756948 0.0825034058335559 -0.772311857764093
0.564369104463194 0.636818385715517 -0.525309297026139
0.650276243711589 0.75828751096741 0.0462694021486775
0.3157235407103 -0.944500810566738 0.0907571742625736
-0.362535670213923 -0.928456251347626 -0.0808509564325301
-0.731337187108858 -0.0855875630243265 0.676624480644368
0.939811749437261 0.289922903888099 -0.180827501837435
0.941247010271241 -0.337587623646295 0.00941605099277303
0.435521362267712 -0.768252965302592 -0.469157249024514
0.782199053527087 -0.617877688902519 -0.0799487474436715
-0.611003183943228 0.628339397954259 -0.481523322581281
0.816780547849946 0.351553247710526 0.457471147372295
0.223783129583119 0.950869945098472 -0.213933303677606
-0.914625279504782 -0.028034163490006 0.403329497766052
