# command_history: dirsplit 60.txt 60_1of2.txt 60_2of2.txt -cartesian -force  (version=3.0.4-dirty)
-0.551963730840305 0.49120062467953 0.673838249249248
0.569642586341019 -0.402465945196628 0.716609019468566
-0.705052231889623 -0.623814049009375 -0.337279383547217
0.0661986057450817 -0.490482526284319 0.868933044605371
-0.731337187108858 -0.0855875630243265 0.676624480644368
0.440765999221897 0.811509962214299 0.383636436169545
-0.521108138256952 -0.815825022321445 0.25075055572538
-0.77490130632092 -0.585033566933126 0.239298330590991
-0.362535670213923 -0.928456251347626 -0.0808509564325301
-0.267538570147118 -0.815654390766691 0.512962989217209
-0.345192681388422 -0.412460538780371 -0.843041112084623
-0.539428037230241 -0.403287690451966 0.739172802110473
0.245813030094644 -0.363500675425285 -0.898578440204889
0.600864136865436 -0.780208569950932 0.173887539530805
-0.713557171988364 0.577582034369663 0.396528884039195
0.0435391978612337 0.55653354142193 0.829683527329527
-0.901183889377056 0.308375459882465 0.304585247951243
0.996861618269721 -0.01936860218566 -0.0767578743194861
0.0703957661217657 -0.827255313013301 -0.557398495874715
0.844251651261712 0.0407028441555776 0.534399127824438
-0.820221470119057 0.511487421792246 -0.256158851699593
-0.535443592483893 0.829414644925672 0.159284355951125
0.325554213513894 -0.626013148535972 0.708605667436712
0.0672499155588867 -0.936190753150888 0.344999018219032
-0.9621880890208 -0.190467045601288 -0.19472130311401
-0.00370669428553937 0.999782881997321 0.0205048599752539
0.206901969593378 -0.0464654566839104 -0.977257661169017
-0.954684002773127 0.134163795010091 -0.265666202136383
-0.62932735359122 -0.249575516165401 -0.735974961362576
-0.07682091791629 0.122797541956508 -0.989454046563022
