# command_history: dirsplit 60.txt 60_1of4.txt 60_2of4.txt 60_3of4.txt 60_4of4.txt -cartesian -force  (version=3.0.4-dirty)
-0.9621880890208 -0.190467045601288 -0.19472130311401
-0.731337187108858 -0.0855875630243265 0.676624480644368
0.564369104463194 0.636818385715517 -0.525309297026139
0.325554213513894 -0.626013148535972 0.708605667436712
-0.705052231889623 -0.623814049009375 -0.337279383547217
0.941247010271241 -0.337587623646295 0.00941605099277303
0.435521362267712 -0.768252965302592 -0.469157249024514
-0.611003183943228 0.628339397954259 -0.481523322581281
-0.629863145756948 0.0825034058335559 -0.772311857764093
-0.00370669428553937 0.999782881997321 0.0205048599752539
0.079460781750789 0.235485708032016 0.968624006246084
-0.205054869584154 -0.314780295276238 0.926750163833614
0.0703957661217657 -0.827255313013301 -0.557398495874715
0.245813030094644 -0.363500675425285 -0.898578440204889
-0.521108138256952 -0.815825022321445 0.25075055572538
