# command_history: dirsplit 60.txt 60_1of4.txt 60_2of4.txt 60_3of4.txt 60_4of4.txt -cartesian -force  (version=3.0.4-dirty)
-0.245334728765522 -0.72867479240453 -0.63940903792155
0.469400640167674 0.122417638753951 -0.874458095469466
0.373194560031149 0.0710855230493853 0.925025766547047
0.939811749437261 0.289922903888099 -0.180827501837435
-0.551963730840305 0.49120062467953 0.673838249249248
0.816780547849946 0.351553247710526 0.457471147372295
-0.267538570147118 -0.815654390766691 0.512962989217209
-0.354444357408739 0.830367561866099 -0.429952217928524
0.0661986057450817 -0.490482526284319 0.868933044605371
0.792172144757548 0.359999531758943 -0.492811962317849
0.129550587769708 0.935043984983641 0.330014229018139
0.804005881134317 -0.29753525723197 0.514827460228507
0.206901969593378 -0.0464654566839104 -0.977257661169017
-0.362535670213923 -0.928456251347626 -0.0808509564325301
-0.535443592483893 0.829414644925672 0.159284355951125
