# command_history: dirsplit 60.txt 60_1of2.txt 60_2of2.txt -cartesian -force  (version=3.0.4-dirty)
-0.263316655222533 0.637418707018101 0.724128255922796
-0.036514527488109 0.76643043531562 -0.641288606716375
0.804005881134317 -0.29753525723197 0.514827460228507
0.650276243711589 0.75828751096741 0.0462694021486775
0.129550587769708 0.935043984983641 0.330014229018139
0.792172144757548 0.359999531758943 -0.492811962317849
0.782199053527087 -0.617877688902519 -0.0799487474436715
0.435521362267712 -0.768252965302592 -0.469157249024514
0.258007881504266 0.598150638700614 -0.75871453558221
-0.914625279504782 -0.028034163490006 0.403329497766052
0.545490507742794 0.559552335476646 0.623972186740034
0.3157235407103 -0.944500810566738 0.0907571742625736
-0.336469676700788 0.281618308538067 -0.898598511548414
0.769108346908236 -0.244422148934637 -0.590533795668169
-0.245334728765522 -0.72867479240453 -0.63940903792155
-0.87135240398103 -0.483537009937655 -0.0832883431041292
-0.527751355747147 0.195325352568425 0.826635659254468
0.941247010271241 -0.337587623646295 0.00941605099277303
-0.629863145756948 0.0825034058335559 -0.772311857764093
0.373194560031149 0.0710855230493853 0.925025766547047
0.469400640167674 0.122417638753951 -0.874458095469466
0.225305116653016 -0.938181788409132 -0.262778492855511
0.079460781750789 0.235485708032016 0.968624006246084
0.564369104463194 0.636818385715517 -0.525309297026139
-0.205054869584154 -0.314780295276238 0.926750163833614
-0.354444357408739 0.830367561866099 -0.429952217928524
0.939811749437261 0.289922903888099 -0.180827501837435
-0.611003183943228 0.628339397954259 -0.481523322581281
0.223783129583119 0.950869945098472 -0.213933303677606
0.816780547849946 0.351553247710526 0.457471147372295
