# command_history: dirsplit 60.txt 60_1of4.txt 60_2of4.txt 60_3of4.txt 60_4of4.txt -cartesian -force  (version=3.0.4-dirty)
0.844251651261712 0.0407028441555776 0.534399127824438
-0.07682091791629 0.122797541956508 -0.989454046563022
0.225305116653016 -0.938181788409132 -0.262778492855511
-0.345192681388422 -0.412460538780371 -0.843041112084623
-0.77490130632092 -0.585033566933126 0.239298330590991
-0.820221470119057 0.511487421792246 -0.256158851699593
0.258007881504266 0.598150638700614 -0.75871453558221
0.0672499155588867 -0.936190753150888 0.344999018219032
-0.263316655222533 0.637418707018101 0.724128255922796
-0.336469676700788 0.281618308538067 -0.898598511548414
0.600864136865436 -0.780208569950932 0.173887539530805
0.650276243711589 0.75828751096741 0.0462694021486775
0.545490507742794 0.559552335476646 0.623972186740034
0.769108346908236 -0.244422148934637 -0.590533795668169
-0.901183889377056 0.308375459882465 0.304585247951243
