# command_history: dirsplit 60.txt 60_1of4.txt 60_2of4.txt 60_3of4.txt 60_4of4.txt -cartesian -force  (version=3.0.4-dirty)
-0.954684002773127 0.134163795010091 -0.265666202136383
0.996861618269721 -0.01936860218566 -0.0767578743194861
-0.527751355747147 0.195325352568425 0.826635659254468
0.569642586341019 -0.402465945196628 0.716609019468566
-0.62932735359122 -0.249575516165401 -0.735974961362576
-0.87135240398103 -0.483537009937655 -0.0832883431041292
0.782199053527087 -0.617877688902519 -0.0799487474436715
0.0435391978612337 0.55653354142193 0.829683527329527
-0.914625279504782 -0.028034163490006 0.403329497766052
0.440765999221897 0.811509962214299 0.383636436169545
0.223783129583119 0.950869945098472 -0.213933303677606
-0.036514527488109 0.76643043531562 -0.641288606716375
-0.539428037230241 -0.403287690451966 0.739172802110473
0.3157235407103 -0.944500810566738 0.0907571742625736
-0.713557171988364 0.577582034369663 0.396528884039195
