  -0.521108138256952   -0.815825022321445    0.250750555725380  3000   1
  -0.063748208721329    0.051830788927883   -0.996619152537184  1000   2
   0.045545839732973    0.984089288392784    0.171737733051311   300   1
   0.804005881134317   -0.297535257231970    0.514827460228507  3000   2
   0.000000000000000    0.000000000000000    0.000000000000000     0   1
  -0.263316655222533    0.637418707018101    0.724128255922796  3000   2
  -0.076820917916290    0.122797541956508   -0.989454046563022  3000   1
  -0.001503955208781    0.985737325140364    0.168284473270264  1000   2
  -0.901183889377056    0.308375459882465    0.304585247951243  3000   1
   0.315723540710300   -0.944500810566738    0.090757174262574  3000   2
  -0.917269554488062    0.049346830294317    0.395197994363807  1000   1
   0.545490507742794    0.559552335476646    0.623972186740034  3000   2
  -0.772625741558080    0.037560409610545    0.633749697523964   300   1
   0.792172144757548    0.359999531758943   -0.492811962317849  3000   2
  -0.785950063156333   -0.149923498729031   -0.599837847049853  1000   1
  -0.036514527488109    0.766430435315620   -0.641288606716375  3000   2
   0.000000000000000    0.000000000000000    0.000000000000000     0   1
  -0.871352403981030   -0.483537009937655   -0.083288343104129  3000   2
   0.245813030094644   -0.363500675425285   -0.898578440204889  3000   1
   0.553931932312834   -0.719943676492126    0.418139351225368  1000   2
  -0.535443592483893    0.829414644925672    0.159284355951125  3000   1
   0.830864088720705    0.046327827349190    0.554543594758262   300   2
  -0.629327353591220   -0.249575516165401   -0.735974961362576  3000   1
   0.384756515209046    0.777963368558556   -0.496724693552893  1000   2
  -0.539428037230241   -0.403287690451966    0.739172802110473  3000   1
   0.129550587769708    0.935043984983641    0.330014229018139  3000   2
   0.000000000000000    0.000000000000000    0.000000000000000     0   1
  -0.611003183943228    0.628339397954259   -0.481523322581281  3000   2
  -0.125813855917705    0.434131658399307    0.892020502474347  1000   1
   0.941247010271241   -0.337587623646295    0.009416050992773  3000   2
  -0.400807525631859    0.451279765632014   -0.797307908231181   300   1
  -0.205054869584154   -0.314780295276238    0.926750163833614  3000   2
  -0.362535670213923   -0.928456251347626   -0.080850956432530  3000   1
   0.879860969973263   -0.469832531537142   -0.071428746503838  1000   2
  -0.962188089020800   -0.190467045601288   -0.194721303114010  3000   1
   0.769108346908236   -0.244422148934637   -0.590533795668169  3000   2
  -0.829930044009883   -0.536121586620396    0.154239315381594  1000   1
   0.373194560031149    0.071085523049385    0.925025766547047  3000   2
   0.856316362027401    0.492022598673991   -0.156958754194376   300   1
  -0.245334728765522   -0.728674792404530   -0.639409037921550  3000   2
  -0.281123951839799   -0.765792327797945   -0.578386924461280  1000   1
   0.223783129583119    0.950869945098472   -0.213933303677606  3000   2
   0.000000000000000    0.000000000000000    0.000000000000000     0   1
  -0.527751355747147    0.195325352568425    0.826635659254468  3000   2
   0.325554213513894   -0.626013148535972    0.708605667436712  3000   1
  -0.151087573450641    0.637298933143303   -0.755660383349031  1000   2
   0.844251651261712    0.040702844155578    0.534399127824438  3000   1
   0.434562166848720   -0.669611329169057   -0.602309215430242   300   2
  -0.713557171988364    0.577582034369663    0.396528884039195  3000   1
   0.513983100013929   -0.088289233281944   -0.853244621539777  1000   2
   0.600864136865436   -0.780208569950932    0.173887539530805  3000   1
   0.939811749437261    0.289922903888099   -0.180827501837435  3000   2
   0.138428827756011    0.335209017836607    0.931918652033059   300   1
   0.258007881504266    0.598150638700614   -0.758714535582210  3000   2
  -0.521959709625873    0.848618593666563    0.086049660142618  1000   1
   0.225305116653016   -0.938181788409132   -0.262778492855511  3000   2
  -0.705052231889623   -0.623814049009375   -0.337279383547217  3000   1
   0.000000000000000    0.000000000000000    0.000000000000000     0   2
   0.043539197861234    0.556533541421930    0.829683527329527  3000   1
   0.722002596245726    0.588350109213033    0.364082957584454  1000   2
   0.569642586341019   -0.402465945196628    0.716609019468566  3000   1
   0.469400640167674    0.122417638753951   -0.874458095469466  3000   2
   0.507221907047136   -0.262211417527684    0.820957434663692  1000   1
  -0.914625279504782   -0.028034163490006    0.403329497766052  3000   2
  -0.942682542730805    0.332792215154676    0.024473764790630   300   1
   0.650276243711589    0.758287510967410    0.046269402148678  3000   2
  -0.275482566702396   -0.400723276536861    0.873802157862192  1000   1
  -0.336469676700788    0.281618308538067   -0.898598511548414  3000   2
   0.067249915558887   -0.936190753150888    0.344999018219032  3000   1
   0.000000000000000    0.000000000000000    0.000000000000000     0   2
  -0.954684002773127    0.134163795010091   -0.265666202136383  3000   1
   0.989463051118268    0.107850650137986    0.096597659063470  1000   2
   0.070395766121766   -0.827255313013301   -0.557398495874715  3000   1
  -0.283325367422669   -0.826424910006442    0.486568190797193   300   2
  -0.345192681388422   -0.412460538780371   -0.843041112084623  3000   1
   0.262697579746655   -0.785302678697580   -0.560615451468880  1000   2
  -0.267538570147118   -0.815654390766691    0.512962989217209  3000   1
   0.782199053527087   -0.617877688902519   -0.079948747443671  3000   2
  -0.463274277737809   -0.886185956717390   -0.007168940186324  1000   1
   0.564369104463194    0.636818385715517   -0.525309297026139  3000   2
   0.206901969593378   -0.046465456683910   -0.977257661169017  3000   1
  -0.560035580438987   -0.683828795524815   -0.467694694275494   300   2
  -0.551963730840305    0.491200624679530    0.673838249249248  3000   1
   0.000000000000000    0.000000000000000    0.000000000000000     0   2
  -0.820221470119057    0.511487421792246   -0.256158851699593  3000   1
   0.396073547775834    0.338238656654135    0.853651191000792  1000   2
   0.440765999221897    0.811509962214299    0.383636436169545  3000   1
   0.816780547849946    0.351553247710526    0.457471147372295  3000   2
  -0.668588638606269    0.490110982821053    0.559267786346396  1000   1
  -0.354444357408739    0.830367561866099   -0.429952217928524  3000   2
  -0.731337187108858   -0.085587563024326    0.676624480644368  3000   1
   0.512625979641961   -0.830399808135880    0.218290548682288   300   2
   0.079500434638343   -0.942165080812859    0.325583539800791  1000   1
   0.079460781750789    0.235485708032016    0.968624006246084  3000   2
   0.996861618269721   -0.019368602185660   -0.076757874319486  3000   1
   0.000000000000000    0.000000000000000    0.000000000000000     0   2
  -0.003706694285539    0.999782881997321    0.020504859975254  3000   1
   0.710452341273365    0.355862573838488   -0.607140263300204  1000   2
   0.066198605745082   -0.490482526284319    0.868933044605371  3000   1
   0.258136000852064    0.262700083257425   -0.929706658748148   300   2
  -0.774901306320920   -0.585033566933126    0.239298330590991  3000   1
   0.435521362267712   -0.768252965302592   -0.469157249024514  3000   2
  -0.855942327995459    0.319260098093046   -0.406737901985214  1000   1
  -0.629863145756948    0.082503405833556   -0.772311857764093  3000   2
