35.9192 54.723 39.1633
36.5069 53.728 39.639
37.185 52.8464 40.2049
38.1425 52.1871 40.6264
39.2384 52.0084 41.139
36.6364 49.842 37.1844
37.0286 49.934 36.0019
37.7086 50.2437 35.0225
38.5386 50.8081 34.278
39.2828 51.3219 33.4197
39.9893 51.7135 32.4661
40.3268 52.1332 31.366
33.2498 52.823 31.2879
33.4183 52.8014 31.6672
33.9823 52.8329 32.7719
34.5752 52.6832 33.8407
35.1072 52.3774 34.923
35.9245 51.9523 35.7322
40.0381 51.5096 43.3205
39.8392 50.7062 43.2234
39.3834 49.549 43.2186
38.7837 48.4615 43.3614
38.1452 47.4 43.5263
37.4092 46.4195 43.7632
36.6522 45.5231 44.1869
35.9188 44.6466 44.6925
35.16 43.7688 45.1572
39.5735 43.3114 40.2354
39.5648 43.7122 40.1243
39.7467 44.8669 39.6894
39.9504 46.0334 39.3021
40.0212 47.1296 38.7428
40.1455 48.0756 37.9394
40.3758 49.0288 37.1646
40.5497 49.9882 36.3831
40.6467 50.9611 35.6048
39.8283 50.0973 40.7317
38.8274 50.7678 40.3999
37.7657 51.2418 39.9588
36.641 51.5849 39.539
35.65 51.9931 38.9195
34.8919 52.391 38.0098
34.0603 52.6173 37.1149
33.1312 52.7963 36.3025
36.3976 53.3143 38.5991
35.9237 52.1693 38.7612
35.4214 51.0386 38.9396
34.7742 50.0029 39.1829
33.8289 49.262 39.4988
33.1175 48.8974 39.7337
42.5395 54.5125 28.497
42.844 53.6808 29.3769
42.8673 52.9655 30.3932
42.7201 52.5591 31.5591
42.7115 52.3637 32.792
42.9463 52.2813 34.013
43.4318 52.4357 35.1493
32.1767 55.038 33.0655
32.1767 55.038 33.0655
32.7512 54.7488 34.1352
33.3344 54.5751 35.2264
33.8558 54.1418 36.2615
34.3211 53.4472 37.1892
34.8743 52.7734 38.0849
35.5864 52.1187 38.8686
36.3507 51.3929 39.5367
37.0022 50.6591 40.3081
37.7643 50.092 41.1148
39.8408 53.4102 40.0548
38.6381 53.4448 39.8012
37.4229 53.6928 39.6734
36.381 54.091 39.1539
35.6 54.4524 38.262
34.8867 54.575 37.2429
34.1099 54.5262 36.272
33.5765 54.0228 35.2897
33.2986 53.3149 34.2993
33.0119 52.8146 33.1979
32.5816 52.6965 32.0439
